 -0.40400000000000003        0.0000000000000000     
 -0.40200000000000002        0.0000000000000000     
 -0.40000000000000002        0.0000000000000000     
 -0.39800000000000002        0.0000000000000000     
 -0.39600000000000002        0.0000000000000000     
 -0.39400000000000002        0.0000000000000000     
 -0.39200000000000002        0.0000000000000000     
 -0.39000000000000001        0.0000000000000000     
 -0.38800000000000001        0.0000000000000000     
 -0.38600000000000001        0.0000000000000000     
 -0.38400000000000001        0.0000000000000000     
 -0.38200000000000001        0.0000000000000000     
 -0.38000000000000000        0.0000000000000000     
 -0.37800000000000000        0.0000000000000000     
 -0.37600000000000000        0.0000000000000000     
 -0.37400000000000000        0.0000000000000000     
 -0.37200000000000000        0.0000000000000000     
 -0.37000000000000000        0.0000000000000000     
 -0.36799999999999999        0.0000000000000000     
 -0.36599999999999999        0.0000000000000000     
 -0.36399999999999999        0.0000000000000000     
 -0.36199999999999999        0.0000000000000000     
 -0.35999999999999999        0.0000000000000000     
 -0.35799999999999998        0.0000000000000000     
 -0.35599999999999998        0.0000000000000000     
 -0.35399999999999998        0.0000000000000000     
 -0.35199999999999998        0.0000000000000000     
 -0.34999999999999998        0.0000000000000000     
 -0.34799999999999998        0.0000000000000000     
 -0.34599999999999997        0.0000000000000000     
 -0.34400000000000003        0.0000000000000000     
 -0.34200000000000003        0.0000000000000000     
 -0.34000000000000002        0.0000000000000000     
 -0.33800000000000002        0.0000000000000000     
 -0.33600000000000002        0.0000000000000000     
 -0.33400000000000002        0.0000000000000000     
 -0.33200000000000002        0.0000000000000000     
 -0.33000000000000002        0.0000000000000000     
 -0.32800000000000001        0.0000000000000000     
 -0.32600000000000001        0.0000000000000000     
 -0.32400000000000001        0.0000000000000000     
 -0.32200000000000001        0.0000000000000000     
 -0.32000000000000001        0.0000000000000000     
 -0.31800000000000000        0.0000000000000000     
 -0.31600000000000000        0.0000000000000000     
 -0.31400000000000000        0.0000000000000000     
 -0.31200000000000000        0.0000000000000000     
 -0.31000000000000000        0.0000000000000000     
 -0.30800000000000000        0.0000000000000000     
 -0.30599999999999999        0.0000000000000000     
 -0.30400000000000005        0.0000000000000000     
 -0.30200000000000005        0.0000000000000000     
 -0.30000000000000004        0.0000000000000000     
 -0.29800000000000004        0.0000000000000000     
 -0.29600000000000004        0.0000000000000000     
 -0.29400000000000004        0.0000000000000000     
 -0.29200000000000004        0.0000000000000000     
 -0.29000000000000004        0.0000000000000000     
 -0.28800000000000003        0.0000000000000000     
 -0.28600000000000003        0.0000000000000000     
 -0.28400000000000003        0.0000000000000000     
 -0.28200000000000003        0.0000000000000000     
 -0.28000000000000003        0.0000000000000000     
 -0.27800000000000002        0.0000000000000000     
 -0.27600000000000002        0.0000000000000000     
 -0.27400000000000002        0.0000000000000000     
 -0.27200000000000002        0.0000000000000000     
 -0.27000000000000002        0.0000000000000000     
 -0.26800000000000002        0.0000000000000000     
 -0.26600000000000001        0.0000000000000000     
 -0.26400000000000001        0.0000000000000000     
 -0.26200000000000001        0.0000000000000000     
 -0.26000000000000001        0.0000000000000000     
 -0.25800000000000001        0.0000000000000000     
 -0.25600000000000001        0.0000000000000000     
 -0.25400000000000000        0.0000000000000000     
 -0.25200000000000000        0.0000000000000000     
 -0.25000000000000000        0.0000000000000000     
 -0.24800000000000000        0.0000000000000000     
 -0.24600000000000000        0.0000000000000000     
 -0.24399999999999999        0.0000000000000000     
 -0.24200000000000002        0.0000000000000000     
 -0.24000000000000002        0.0000000000000000     
 -0.23800000000000002        0.0000000000000000     
 -0.23600000000000002        0.0000000000000000     
 -0.23400000000000001        0.0000000000000000     
 -0.23200000000000001        0.0000000000000000     
 -0.23000000000000001        0.0000000000000000     
 -0.22800000000000001        0.0000000000000000     
 -0.22600000000000001        0.0000000000000000     
 -0.22400000000000000        0.0000000000000000     
 -0.22200000000000000        0.0000000000000000     
 -0.22000000000000000        0.0000000000000000     
 -0.21800000000000003        0.0000000000000000     
 -0.21600000000000003        0.0000000000000000     
 -0.21400000000000002        0.0000000000000000     
 -0.21200000000000002        0.0000000000000000     
 -0.21000000000000002        0.0000000000000000     
 -0.20800000000000002        0.0000000000000000     
 -0.20600000000000002        0.0000000000000000     
 -0.20400000000000001        0.0000000000000000     
 -0.20200000000000001        0.0000000000000000     
 -0.20000000000000001        0.0000000000000000     
 -0.19800000000000001        0.0000000000000000     
 -0.19600000000000001        0.0000000000000000     
 -0.19400000000000001        0.0000000000000000     
 -0.19200000000000000        0.0000000000000000     
 -0.19000000000000000        0.0000000000000000     
 -0.18800000000000000        0.0000000000000000     
 -0.18600000000000000        0.0000000000000000     
 -0.18400000000000000        0.0000000000000000     
 -0.18200000000000000        0.0000000000000000     
 -0.18000000000000002        0.0000000000000000     
 -0.17800000000000002        1.7626072846244614E-071
 -0.17600000000000002        1.0064041686731173E-070
 -0.17400000000000002        4.8730106075488969E-070
 -0.17200000000000001        2.2875024930925700E-069
 -0.17000000000000001        1.0621201123047732E-068
 -0.16800000000000001        4.8894864858057427E-068
 -0.16600000000000001        2.2328830725629955E-067
 -0.16400000000000001        1.0115861554136402E-066
 -0.16200000000000001        4.5465237700593610E-066
 -0.16000000000000000        2.0272012974452608E-065
 -0.15800000000000000        8.9671639525310024E-065
 -0.15600000000000003        3.9350831500206612E-064
 -0.15400000000000003        1.7131404658792093E-063
 -0.15200000000000002        7.3989817916230781E-063
 -0.15000000000000002        3.1702282542168696E-062
 -0.14800000000000002        1.3475607479291775E-061
 -0.14600000000000002        5.6825736132035346E-061
 -0.14400000000000002        2.3772799773615479E-060
 -0.14200000000000002        9.8662877789415988E-060
 -0.14000000000000001        4.0622349938748361E-059
 -0.13800000000000001        1.6592573614686626E-058
 -0.13600000000000001        6.7235638018977506E-058
 -0.13400000000000001        2.7028502827863916E-057
 -0.13200000000000001        1.0779056282239194E-056
 -0.13000000000000000        4.2645713139718165E-056
 -0.12800000000000000        1.6738074994567231E-055
 -0.12600000000000000        6.5173450006916537E-055
 -0.12400000000000001        2.5175063068710605E-054
 -0.12200000000000001        9.6472748066249999E-054
 -0.12000000000000001        3.6675202795369100E-053
 -0.11800000000000001        1.3831642232549135E-052
 -0.11600000000000001        5.1749703770833933E-052
 -0.11400000000000000        1.9207658616434037E-051
 -0.11200000000000002        7.0725000636054105E-051
 -0.11000000000000001        2.5834674100241970E-050
 -0.10800000000000001        9.3619005936051992E-050
 -0.10600000000000001        3.3655463824398592E-049
 -0.10400000000000001        1.2002650175805187E-048
 -0.10200000000000001        4.2464715389628062E-048
 -0.10000000000000001        1.4904186114770008E-047
  -9.8000000000000004E-002   5.1893953510128259E-047
  -9.6000000000000002E-002   1.7924751962751540E-046
  -9.4000000000000014E-002   6.1421002523849028E-046
  -9.2000000000000012E-002   2.0878891259738064E-045
  -9.0000000000000011E-002   7.0408351223548431E-045
  -8.8000000000000009E-002   2.3554101387818382E-044
  -8.6000000000000007E-002   7.8168887520112213E-044
  -8.4000000000000005E-002   2.5735092724915858E-043
  -8.2000000000000003E-002   8.4050700219747404E-043
  -8.0000000000000016E-002   2.7232034670002910E-042
  -7.8000000000000014E-002   8.7526861364946313E-042
  -7.6000000000000012E-002   2.7907727009721771E-041
  -7.4000000000000010E-002   8.8273175110796585E-041
  -7.2000000000000008E-002   2.7698325300935495E-040
  -7.0000000000000007E-002   8.6218021404056305E-040
  -6.8000000000000005E-002   2.6623285576055392E-039
  -6.6000000000000003E-002   8.1553681827576331E-039
  -6.4000000000000001E-002   2.4782383148910021E-038
  -6.2000000000000000E-002   7.4706668149578537E-038
  -5.9999999999999998E-002   2.2340438366080417E-037
  -5.7999999999999996E-002   6.6273397467008466E-037
  -5.5999999999999994E-002   1.9502989284603399E-036
  -5.4000000000000020E-002   5.6934655212690470E-036
  -5.2000000000000018E-002   1.6487883780777133E-035
  -5.0000000000000017E-002   4.7365810639654249E-035
  -4.8000000000000015E-002   1.3498203461565674E-034
  -4.6000000000000013E-002   3.8159000290409725E-034
  -4.4000000000000011E-002   1.0701067204854920E-033
  -4.2000000000000010E-002   2.9769073621274419E-033
  -4.0000000000000008E-002   8.2150590926966187E-033
  -3.8000000000000006E-002   2.2488588650015393E-032
  -3.6000000000000004E-002   6.1068719916511835E-032
  -3.4000000000000002E-002   1.6450514483943914E-031
  -3.2000000000000001E-002   4.3958526300756837E-031
  -2.9999999999999999E-002   1.1652218706025405E-030
  -2.7999999999999997E-002   3.0639019223953985E-030
  -2.5999999999999995E-002   7.9917272878038854E-030
  -2.4000000000000021E-002   2.0677823468625233E-029
  -2.2000000000000020E-002   5.3072083681238324E-029
  -2.0000000000000018E-002   1.3512115440630950E-028
  -1.8000000000000016E-002   3.4125196385339691E-028
  -1.6000000000000014E-002   8.5490971869047141E-028
  -1.4000000000000012E-002   2.1245026373939123E-027
  -1.2000000000000011E-002   5.2370271710185325E-027
  -1.0000000000000009E-002   1.2805645674942071E-026
  -8.0000000000000071E-003   3.1060308579961216E-026
  -6.0000000000000053E-003   7.4730204714784166E-026
  -4.0000000000000036E-003   1.7834919199820991E-025
  -2.0000000000000018E-003   4.2221056111130805E-025
   0.0000000000000000        9.9144441269480930E-025
   2.0000000000000018E-003   2.3093368688820290E-024
   4.0000000000000036E-003   5.3356104424913128E-024
   6.0000000000000053E-003   1.2228045768042351E-023
   8.0000000000000071E-003   2.7797406201429337E-023
   9.9999999999999811E-003   6.2679261606440579E-023
   1.1999999999999983E-002   1.4018898683945895E-022
   1.3999999999999985E-002   3.1100855623927633E-022
   1.5999999999999986E-002   6.8437969729353523E-022
   1.7999999999999988E-002   1.4937781351921461E-021
   1.9999999999999990E-002   3.2339780901224664E-021
   2.1999999999999992E-002   6.9446084650769702E-021
   2.3999999999999994E-002   1.4791622827128606E-020
   2.5999999999999995E-002   3.1249194179867411E-020
   2.7999999999999997E-002   6.5480841803357071E-020
   2.9999999999999999E-002   1.3609417184688773E-019
   3.2000000000000001E-002   2.8055109254207712E-019
   3.4000000000000002E-002   5.7362595742497587E-019
   3.6000000000000004E-002   1.1632877518863862E-018
   3.8000000000000006E-002   2.3398287779748650E-018
   3.9999999999999980E-002   4.6678457088402497E-018
   4.1999999999999982E-002   9.2359424240666193E-018
   4.3999999999999984E-002   1.8124872256420016E-017
   4.5999999999999985E-002   3.5277214515875365E-017
   4.7999999999999987E-002   6.8098205112502550E-017
   4.9999999999999989E-002   1.3037532714717110E-016
   5.1999999999999991E-002   2.4755385956829434E-016
   5.3999999999999992E-002   4.6618099642227986E-016
   5.5999999999999994E-002   8.7065455331862741E-016
   5.7999999999999996E-002   1.6126470930260478E-015
   5.9999999999999998E-002   2.9623098693486457E-015
   6.2000000000000000E-002   5.3965308739466356E-015
   6.4000000000000001E-002   9.7496052736543630E-015
   6.6000000000000003E-002   1.7467973877166477E-014
   6.8000000000000005E-002   3.1036725654853483E-014
   7.0000000000000007E-002   5.4686687963337312E-014
   7.2000000000000008E-002   9.5555119332805964E-014
   7.4000000000000010E-002   1.6557200281775528E-013
   7.6000000000000012E-002   2.8449469072804474E-013
   7.8000000000000014E-002   4.8474034905609787E-013
   8.0000000000000016E-002   8.1900211847890575E-013
   8.2000000000000017E-002   1.3721276000360199E-012
   8.4000000000000019E-002   2.2794496923940724E-012
   8.6000000000000021E-002   3.7547721988063455E-012
   8.8000000000000023E-002   6.1326315218722996E-012
   8.9999999999999969E-002   9.9314127459176096E-012
   9.1999999999999971E-002   1.5946551976541672E-011
   9.3999999999999972E-002   2.5386589954512955E-011
   9.5999999999999974E-002   4.0069454341455826E-011
   9.7999999999999976E-002   6.2702240257235142E-011
   9.9999999999999978E-002   9.7275105409748476E-011
  0.10199999999999998        1.4960880553420300E-010
  0.10399999999999998        2.2810585084361390E-010
  0.10599999999999998        3.4476704475239249E-010
  0.10799999999999998        5.1654775098041866E-010
  0.10999999999999999        7.6714068562624381E-010
  0.11199999999999999        1.1292828637101674E-009
  0.11399999999999999        1.6476913916908958E-009
  0.11599999999999999        2.3827331611443913E-009
  0.11799999999999999        3.4149234086346355E-009
  0.12000000000000000        4.8503230113738848E-009
  0.12200000000000000        6.8268591016443534E-009
  0.12400000000000000        9.5215226211905335E-009
  0.12600000000000000        1.3158294572096967E-008
  0.12800000000000000        1.8016515783835650E-008
  0.13000000000000000        2.4439240954457085E-008
  0.13200000000000001        3.2840907885014913E-008
  0.13400000000000001        4.3713413389650751E-008
  0.13600000000000001        5.7629430779540625E-008
  0.13800000000000001        7.5241550049846660E-008
  0.14000000000000001        9.7275599196290163E-008
  0.14200000000000002        1.2451634998757636E-007
  0.14400000000000002        1.5778376772474403E-007
  0.14600000000000002        1.9789808036898255E-007
  0.14800000000000002        2.4563226673916523E-007
  0.15000000000000002        3.0165113974972089E-007
  0.15199999999999997        3.6643705970137067E-007
  0.15399999999999997        4.4020346429115228E-007
  0.15599999999999997        5.2279882659383624E-007
  0.15799999999999997        6.1360529295677990E-007
  0.15999999999999998        7.1143801021392866E-007
  0.16199999999999998        8.1445288243896229E-007
  0.16399999999999998        9.2007201769258032E-007
  0.16599999999999998        1.0249372203091944E-006
  0.16799999999999998        1.1249023256843589E-006
  0.16999999999999998        1.2150747429345368E-006
  0.17199999999999999        1.2899150843838205E-006
  0.17399999999999999        1.3434011062896447E-006
  0.17599999999999999        1.3692583480188876E-006
  0.17799999999999999        1.3612549464822426E-006
  0.17999999999999999        1.3135523681158824E-006
  0.18200000000000000        1.2210976325771320E-006
  0.18400000000000000        1.0800365172054820E-006
  0.18600000000000000        8.8812183789135472E-007
  0.18800000000000000        6.4508684911465895E-007
  0.19000000000000000        3.5295171597598722E-007
  0.19200000000000000        1.6231404960063305E-008
  0.19400000000000001       -3.5798343797916941E-007
  0.19600000000000001       -7.6009490231365023E-007
  0.19800000000000001       -1.1782289086975031E-006
  0.20000000000000001       -1.5986312353142424E-006
  0.20200000000000001       -2.0062181278950112E-006
  0.20400000000000001       -2.3852581175631726E-006
  0.20600000000000002       -2.7201493876756122E-006
  0.20800000000000002       -2.9962467098815637E-006
  0.21000000000000002       -3.2006847350828181E-006
  0.21200000000000002       -3.3231411792435580E-006
  0.21400000000000002       -3.3564847527369717E-006
  0.21600000000000003       -3.2972586903521383E-006
  0.21799999999999997       -3.1459611317021625E-006
  0.21999999999999997       -2.9070976130025684E-006
  0.22199999999999998       -2.5889974083272203E-006
  0.22399999999999998       -2.2034029713233589E-006
  0.22599999999999998       -1.7648587139444494E-006
  0.22799999999999998       -1.2899402840418921E-006
  0.22999999999999998       -7.9637702747028307E-007
  0.23199999999999998       -3.0212743449590039E-007
  0.23399999999999999        1.7553049699682581E-007
  0.23599999999999999        6.2083497937320048E-007
  0.23799999999999999        1.0202508189540838E-006
  0.23999999999999999        1.3630144551060703E-006
  0.24199999999999999        1.6414876983173033E-006
  0.24399999999999999        1.8513095499689411E-006
  0.24600000000000000        1.9913507003418951E-006
  0.24800000000000000        2.0634890798107737E-006
  0.25000000000000000        2.0722360974975457E-006
  0.25200000000000000        2.0242511775507235E-006
  0.25400000000000000        1.9277865018715897E-006
  0.25600000000000001        1.7921044731809247E-006
  0.25800000000000001        1.6269076507008118E-006
  0.26000000000000001        1.4418153849705073E-006
  0.26200000000000001        1.2459138767985108E-006
  0.26400000000000001        1.0473977828036802E-006
  0.26600000000000001        8.5331265075538789E-007
  0.26800000000000002        6.6939916250265881E-007
  0.27000000000000002        5.0003300489491281E-007
  0.27200000000000002        3.4824860025233674E-007
  0.27400000000000002        2.1583112273733619E-007
  0.27600000000000002        1.0345922650863589E-007
  0.27800000000000002        1.0880572592396463E-008
  0.27999999999999997       -6.2896701846261364E-008
  0.28199999999999997       -1.1941131703468589E-007
  0.28399999999999997       -1.6056693708430847E-007
  0.28599999999999998       -1.8846983938018679E-007
  0.28799999999999998       -2.0529186673772139E-007
  0.28999999999999998       -2.1316147310723467E-007
  0.29199999999999998       -2.1408320160889420E-007
  0.29399999999999998       -2.0988397965393424E-007
  0.29599999999999999       -2.0218321271656706E-007
  0.29799999999999999       -1.9238278330758706E-007
  0.29999999999999999       -1.8167265198508486E-007
  0.30199999999999999       -1.7104772556737474E-007
  0.30399999999999999       -1.6133190708260237E-007
  0.30599999999999999       -1.5320567778638245E-007
  0.30800000000000000       -1.4723410057569206E-007
  0.31000000000000000       -1.4389271012447669E-007
  0.31200000000000000       -1.4358932138009905E-007
  0.31400000000000000       -1.4668031730695026E-007
  0.31600000000000000       -1.5348045854300192E-007
  0.31800000000000000       -1.6426569474584324E-007
  0.32000000000000001       -1.7926886122526252E-007
  0.32200000000000001       -1.9657901904852201E-007
  0.32400000000000001       -2.1981282474264840E-007
  0.32600000000000001       -2.4804712436182913E-007
  0.32800000000000001       -2.8101712484825903E-007
  0.33000000000000002       -3.1811755149317482E-007
  0.33200000000000002       -3.5916404517789471E-007
  0.33400000000000002       -4.0323258724129772E-007
  0.33600000000000002       -4.4947434858639663E-007
  0.33800000000000002       -4.9680816238136421E-007
  0.34000000000000002       -5.4391904833172103E-007
  0.34200000000000003       -5.8927033039500044E-007
  0.34400000000000003       -6.3135208505514867E-007
  0.34600000000000003       -6.6785019240655850E-007
  0.34800000000000003       -6.9700760355885392E-007
  0.35000000000000003       -7.1705230177343390E-007
  0.35200000000000004       -7.2584435321490291E-007
  0.35400000000000004       -7.2147218212030281E-007
  0.35600000000000004       -7.0282143457939341E-007
  0.35800000000000004       -6.6842533524834554E-007
  0.36000000000000004       -6.1799095044881930E-007
  0.36200000000000004       -5.5121731743580347E-007
  0.36400000000000005       -4.6842436843312116E-007
  0.36600000000000005       -3.7103975372205024E-007
  0.36800000000000005       -2.6060777716282079E-007
  0.37000000000000005       -1.3943245230392453E-007
  0.37200000000000005       -1.0337791762397810E-008
  0.37400000000000005        1.2356358407051494E-007
  0.37600000000000006        2.5844826939782804E-007
  0.37799999999999995        3.9076064504614524E-007
  0.37999999999999995        5.1680343444358368E-007
  0.38199999999999995        6.3304328579221458E-007
  0.38399999999999995        7.3626605103177055E-007
  0.38599999999999995        8.2371711188476569E-007
  0.38799999999999996        8.9321842647826784E-007
  0.38999999999999996        9.4336527967573269E-007
  0.39199999999999996        9.7313448066619351E-007
  0.39399999999999996        9.8257298291389874E-007
  0.39599999999999996        9.7232101096121000E-007
  0.39799999999999996        9.4367045795628479E-007
  0.39999999999999997        8.9847821390589953E-007
  0.40199999999999997        8.3905602182857013E-007
  0.40399999999999997        7.6804446776360596E-007
  0.40599999999999997        6.8827927953694800E-007
  0.40799999999999997        6.0265805509543431E-007
  0.40999999999999998        5.1401490993378199E-007
  0.41199999999999998        4.2500941712516423E-007
  0.41399999999999998        3.3803473974081015E-007
  0.41599999999999998        2.5514817092583998E-007
  0.41799999999999998        1.7802555301124391E-007
  0.41999999999999998        1.0793938527593278E-007
  0.42199999999999999        4.5758969858553435E-008
  0.42399999999999999       -8.0302241462600130E-009
  0.42599999999999999       -5.3291623314934414E-008
  0.42799999999999999       -9.0261658361030027E-008
  0.42999999999999999       -1.1921391382019439E-007
  0.43200000000000000       -1.4082593026933663E-007
  0.43400000000000000       -1.5583993394606883E-007
  0.43600000000000000       -1.6508050195478516E-007
  0.43800000000000000       -1.6940703988929191E-007
  0.44000000000000000       -1.6967339978897165E-007
  0.44200000000000000       -1.6669545143228966E-007
  0.44400000000000001       -1.6122678758629761E-007
  0.44600000000000001       -1.5394222155309419E-007
  0.44800000000000001       -1.4542834007571687E-007
  0.45000000000000001       -1.3618010969357024E-007
  0.45200000000000001       -1.2665724550490285E-007
  0.45400000000000001       -1.1707097059473241E-007
  0.45600000000000002       -1.0771828688528420E-007
  0.45800000000000002       -9.8774581510448919E-008
  0.46000000000000002       -9.0357778847497276E-008
  0.46200000000000002       -8.2538491998577374E-008
  0.46400000000000002       -7.5349670020295257E-008
  0.46600000000000003       -6.8795382283257808E-008
  0.46800000000000003       -6.2904485990441890E-008
  0.47000000000000003       -5.7554580399440819E-008
  0.47200000000000003       -5.2749418817051024E-008
  0.47400000000000003       -4.8442930850167264E-008
  0.47600000000000003       -4.4587238822368238E-008
  0.47800000000000004       -4.1135021416648539E-008
  0.48000000000000004       -3.8041146276442282E-008
  0.48200000000000004       -3.5303530023450417E-008
  0.48400000000000004       -3.2329171112051563E-008
  0.48600000000000004       -2.9875296208717365E-008
  0.48800000000000004       -2.7842945475519309E-008
  0.49000000000000005       -2.5988627533971951E-008
  0.49200000000000005       -2.4284131632762225E-008
  0.49400000000000005       -2.2702974229915748E-008
  0.49600000000000005       -2.1256720900119830E-008
  0.49800000000000005       -2.0045594225859875E-008
  0.50000000000000000       -1.8736336416793538E-008
  0.50200000000000000       -1.7700654209769360E-008
  0.50400000000000000       -1.6735510820264345E-008
  0.50600000000000001       -1.5641771927879786E-008
  0.50800000000000001       -1.4806796063287687E-008
  0.51000000000000001       -1.4024636135908423E-008
  0.51200000000000001       -1.3291587089722564E-008
  0.51400000000000001       -1.2603424142533695E-008
  0.51600000000000001       -1.1956178426341899E-008
  0.51800000000000002       -1.1374650700202928E-008
  0.52000000000000002       -1.0799639862414012E-008
  0.52200000000000002       -1.0254824617411604E-008
  0.52400000000000002       -9.7368627733550143E-009
  0.52600000000000002       -9.2424962410541156E-009
  0.52800000000000002       -8.7940093494582973E-009
  0.53000000000000003       -8.3387273278713712E-009
  0.53200000000000003       -7.8975902059424828E-009
  0.53400000000000003       -7.8220855630059928E-009
  0.53600000000000003       -7.4301391654348882E-009
  0.53800000000000003       -7.0478069784601120E-009
  0.54000000000000004       -6.6962893470502016E-009
  0.54200000000000004       -6.3252015672270000E-009
  0.54400000000000004       -5.9544982525089934E-009
  0.54600000000000004       -5.9917413268856805E-009
  0.54800000000000004       -5.6601210699280346E-009
  0.55000000000000004       -5.3487043631424065E-009
  0.55200000000000005       -5.0102220893464923E-009
  0.55400000000000005       -5.0849814529847179E-009
  0.55600000000000005       -4.7815512719030191E-009
  0.55800000000000005       -4.4898720120322980E-009
  0.56000000000000005       -4.1678321443168861E-009
  0.56200000000000006       -4.2868924883283271E-009
  0.56400000000000006       -3.9985007550020129E-009
  0.56600000000000006       -3.6962188699495077E-009
  0.56800000000000006       -3.8377010187879270E-009
  0.57000000000000006       -3.5683403180652546E-009
  0.57200000000000006       -3.2828026463660875E-009
  0.57400000000000007       -3.4157157288119359E-009
  0.57600000000000007       -3.1603951940601981E-009
  0.57800000000000007       -2.9039074678218579E-009
  0.58000000000000007       -3.0509774705487366E-009
  0.58200000000000007       -2.8069823362754764E-009
  0.58400000000000007       -2.5409424760561480E-009
  0.58600000000000008       -2.7204205493924927E-009
  0.58800000000000008       -2.4831560705441355E-009
  0.59000000000000008       -2.2199796015659144E-009
  0.59200000000000008       -2.4045769542640861E-009
  0.59400000000000008       -2.1677448043249573E-009
  0.59600000000000009       -1.9156884450083211E-009
  0.59800000000000009       -2.1244738877093545E-009
  0.60000000000000009       -1.8834957035398485E-009
  0.60200000000000009       -2.0610914464674255E-009
  0.60400000000000009       -1.8562458223778993E-009
  0.60600000000000009       -1.6050540664777951E-009
  0.60800000000000010       -1.8099424920005334E-009
  0.61000000000000010       -1.5805041194643938E-009
  0.61200000000000010       -1.3242289105738998E-009
  0.61400000000000010       -1.5615366277832921E-009
  0.61600000000000010       -1.3155351795732700E-009
  0.61800000000000010       -1.5244812510288182E-009
  0.62000000000000011       -1.2982020572876988E-009
  0.62200000000000011       -1.4953262429423491E-009
  0.62400000000000011       -1.2877245163644912E-009
  0.62600000000000011       -1.0389437481493357E-009
  0.62800000000000011       -1.2603352227416252E-009
  0.63000000000000012       -1.0414609857009450E-009
  0.63200000000000012       -1.2413733509912974E-009
  0.63399999999999990       -1.0280819176372677E-009
  0.63599999999999990       -7.6755747390859288E-010
  0.63799999999999990       -1.0201498382433221E-009
  0.63999999999999990       -7.7715191995248646E-010
  0.64199999999999990       -9.9808124092333444E-010
  0.64399999999999991       -7.6970694682016871E-010
  0.64599999999999991       -9.8108617403308955E-010
  0.64799999999999991       -7.6629052012174309E-010
  0.64999999999999991       -9.5062503495940628E-010
  0.65199999999999991       -7.4692751962616186E-010
  0.65399999999999991       -5.0160132208391776E-010
  0.65599999999999992       -7.3149654818409096E-010
  0.65799999999999992       -4.8937710536386005E-010
  0.65999999999999992       -7.0188097181257589E-010
  0.66199999999999992       -4.7063605979500062E-010
  0.66399999999999992       -6.7758542909148049E-010
  0.66599999999999993       -4.5746041057233077E-010
  0.66799999999999993       -6.4250586495563083E-010
  0.66999999999999993       -4.3236332206757237E-010
  0.67199999999999993       -1.7485688108645860E-010
  0.67399999999999993       -4.1615056542653216E-010
  0.67599999999999993       -1.6209910956776107E-010
  0.67799999999999994       -3.9230128609776051E-010
  0.67999999999999994       -1.5832860977846622E-010
  0.68199999999999994       -3.7996425494905005E-010
  0.68399999999999994       -1.4883442309362115E-010
  0.68599999999999994       -3.6242052170684347E-010
  0.68799999999999994       -1.4938156445799150E-010
  0.68999999999999995       -3.5646810171688825E-010
  0.69199999999999995       -1.4453908852315624E-010
  0.69399999999999995       -3.4478085183221352E-010
  0.69599999999999995       -1.4797312671043003E-010
  0.69799999999999995       -3.4219887209458494E-010
  0.69999999999999996       -1.4398623341736119E-010
  0.70199999999999996       -3.3837042590870714E-010
  0.70399999999999996       -1.4520974666666058E-010
  0.70599999999999996       -3.2667510195022749E-010
  0.70799999999999996       -1.3676469956906759E-010
  0.70999999999999996       -3.1833920220495437E-010
  0.71199999999999997       -1.3142746115816555E-010
  0.71399999999999997        1.1893430829832416E-010
  0.71599999999999997       -1.1586759258418394E-010
  0.71799999999999997        1.2582353471858836E-010
  0.71999999999999997       -1.0340284760909400E-010
  0.72199999999999998        1.4203268704479411E-010
  0.72399999999999998       -8.2055482134103052E-011
  0.72599999999999998        1.5536090236277377E-010
  0.72799999999999998       -6.5245580775277681E-011
  0.72999999999999998        1.7594725735374688E-010
  0.73199999999999998       -4.1618753217302407E-011
  0.73399999999999999        1.9194017679324055E-010
  0.73599999999999999       -2.4081515242152444E-011
  0.73799999999999999        2.1337179429020256E-010
  0.73999999999999999       -1.3310720098136945E-012
  0.74199999999999999        2.2911095449471867E-010
  0.74399999999999999        1.4501414690100032E-011
  0.74600000000000000        2.4932986540857002E-010
  0.74800000000000000        3.4829137213123450E-011
  0.75000000000000000        2.6362254814746347E-010
  0.75200000000000000        4.8246672709501581E-011
  0.75400000000000000        2.8229647004401163E-010
  0.75600000000000001        6.1248554620161578E-011
  0.75800000000000001        2.9556090077524819E-010
  0.76000000000000001        7.8064909336119294E-011
  0.76200000000000001        3.1381748099307908E-010
  0.76400000000000001        9.0304477881125772E-011
  0.76600000000000001        3.2774021757231858E-010
  0.76800000000000002        1.0732630941434216E-010
  0.77000000000000002       -4.9460472448484330E-011
  0.77200000000000002        1.2097960823898430E-010
  0.77400000000000002       -3.7253343802783526E-011
  0.77600000000000002        1.4037100016006840E-010
  0.77800000000000002       -1.9008836430369563E-011
  0.78000000000000003        1.5723709919432693E-010
  0.78200000000000003       -4.0292919739253652E-012
  0.78400000000000003        1.8018104806291810E-010
  0.78600000000000003        1.2918477958929820E-011
  0.78800000000000003        2.0069659146732069E-010
  0.79000000000000004        3.4939349926701727E-011
  0.79200000000000004        2.2696166646186997E-010
  0.79400000000000004        5.4305288591154433E-011
  0.79600000000000004        2.5039963342258949E-010
  0.79800000000000004        7.8207111304962622E-011
  0.80000000000000004        2.7909055066753060E-010
  0.80200000000000005        9.9075140114552128E-011
  0.80400000000000005        3.0469498267665649E-010
  0.80600000000000005        1.2422659128310949E-010
  0.80800000000000005        3.3545096799008594E-010
  0.81000000000000005        1.4640051103559808E-010
  0.81200000000000006        3.6332553499848547E-010
  0.81400000000000006        1.7306082988059252E-010
  0.81600000000000006        3.9300018555124012E-010
  0.81800000000000006        1.9708861866962807E-010
  0.82000000000000006        5.7875544594591859E-011
  0.82200000000000006        2.2587306310662692E-010
  0.82400000000000007        7.8791858591174965E-011
  0.82600000000000007        2.5217842199572134E-010
  0.82800000000000007        1.0364843429899619E-010
  0.83000000000000007        2.8313886341180870E-010
  0.83200000000000007        1.2579810553585058E-010
  0.83400000000000007        3.1133876383159065E-010
  0.83600000000000008        1.5150109646085991E-010
  0.83800000000000008        3.4055978725124352E-010
  0.84000000000000008        1.7407954730760118E-010
  0.84200000000000008        3.7321085714530195E-010
  0.84400000000000008        1.9991416664753717E-010
  0.84600000000000009        4.0348754207980231E-010
  0.84800000000000009        2.2256632900650899E-010
  0.85000000000000009        9.3190530994503675E-011
  0.85200000000000009        2.4874900197817244E-010
  0.85400000000000009        1.1036326451865365E-010
  0.85600000000000009        2.7233244899088953E-010
  0.85800000000000010        1.3085711725715273E-010
  0.86000000000000010        2.9732417957098104E-010
  0.86200000000000010        1.4927272978528651E-010
  0.86400000000000010        3.2649371072709989E-010
  0.86600000000000010        1.7188187414942719E-010
  0.86800000000000010        3.5500003146539294E-010
  0.87000000000000011        1.9313086189126321E-010
  0.87200000000000011        3.8841002361082829E-010
  0.87400000000000011        2.1645230386344042E-010
  0.87600000000000011        4.2161967176621116E-010
  0.87800000000000011        2.4402811614195139E-010
  0.88000000000000012        1.1699754627830091E-010
  0.88200000000000012        2.7111294948318465E-010
  0.88400000000000012        1.3737437337882980E-010
  0.88600000000000012        3.0248627620870325E-010
  0.88800000000000012        1.6177139158976890E-010
  0.89000000000000012        3.3334083691809598E-010
  0.89200000000000013        1.8480677355840947E-010
  0.89400000000000013        3.6859588329812637E-010
  0.89600000000000013        2.0952313130369212E-010
  0.89800000000000013        4.0354975838414360E-010
  0.90000000000000013        2.3801199353439987E-010
  0.90200000000000014        1.1965259561129025E-010
  0.90400000000000014        2.6609349926880970E-010
  0.90600000000000014        1.4065677302290952E-010
  0.90800000000000014        2.9843333707454539E-010
  0.91000000000000014        1.6343935734322414E-010
  0.91200000000000014        3.3077257679873669E-010
  0.91400000000000015        1.8992980248854229E-010
  0.91600000000000015        3.6777937297121604E-010
  0.91800000000000015        2.1619694753460987E-010
  0.92000000000000015        4.0504429887895790E-010
  0.92200000000000015        2.4636176941214082E-010
  0.92400000000000015        1.3086139474947996E-010
  0.92600000000000016        2.7636058847084425E-010
  0.92800000000000016        1.5534158270482713E-010
  0.93000000000000016        3.1040910813113971E-010
  0.93200000000000016        1.7931967428675580E-010
  0.93400000000000016        3.4444160261237999E-010
  0.93600000000000017        2.0667392786241522E-010
  0.93800000000000017        3.8289805823672492E-010
  0.94000000000000017        2.3382478711766213E-010
  0.94200000000000017        1.2868895524439309E-010
  0.94400000000000017        2.6487709443514866E-010
  0.94600000000000017        1.5057238112093688E-010
  0.94800000000000018        2.9627038238437008E-010
  0.95000000000000018        1.7595892855557049E-010
  0.95200000000000018        3.3218107656725799E-010
  0.95399999999999996        2.0152937739056958E-010
  0.95599999999999996        3.6885580493638007E-010
  0.95799999999999996        2.3094249493334750E-010
  0.95999999999999996        4.0857514902248810E-010
  0.96199999999999997        2.6060456771537099E-010
  0.96399999999999997        1.5471179665429250E-010
  0.96599999999999997        2.9409263880457480E-010
  0.96799999999999997        1.7825102688155041E-010
  0.96999999999999997        3.2764365399505100E-010
  0.97199999999999998        2.0459917115824396E-010
  0.97399999999999998        3.6323976251453491E-010
  0.97599999999999998        2.3036720647535496E-010
  0.97799999999999998        4.0232328749468917E-010
  0.97999999999999998        2.5906503545594684E-010
  0.98199999999999998        1.5426667176245481E-010
  0.98399999999999999        2.8751412482445267E-010
  0.98599999999999999        1.7596949527449041E-010
  0.98799999999999999        3.1804098657572402E-010
  0.98999999999999999        1.9748877653730951E-010
  0.99199999999999999        3.5244334618543387E-010
  0.99399999999999999        2.2253479044529174E-010
  0.99600000000000000        3.8845325385845783E-010
  0.99800000000000000        2.4840650085939391E-010
   1.0000000000000000        1.4777225061986761E-010
   1.0020000000000000        2.7736960433271329E-010
   1.0040000000000000        1.6877443146354680E-010
   1.0060000000000000        3.1102675286743468E-010
   1.0080000000000000        1.9398772873910361E-010
   1.0100000000000000        3.4696675913832889E-010
   1.0120000000000000        2.2054942037880884E-010
   1.0140000000000000        3.8813164553428544E-010
   1.0160000000000000        2.5022419046105309E-010
   1.0180000000000000        1.5233638700492072E-010
   1.0200000000000000        2.8417807753415730E-010
   1.0220000000000000        1.7808939823577388E-010
   1.0240000000000000        3.1990038380259450E-010
   1.0260000000000000        2.0460388692297030E-010
   1.0280000000000000        3.6002184891448647E-010
   1.0300000000000000        2.3346907280747831E-010
   1.0320000000000000        1.4377211053415385E-010
   1.0340000000000000        2.6582135783300049E-010
   1.0360000000000000        1.6804230112562180E-010
   1.0380000000000000        2.9939684403553054E-010
   1.0400000000000000        1.9263020355746150E-010
   1.0420000000000000        3.3684534904733945E-010
   1.0440000000000000        2.1920448428371572E-010
   1.0460000000000000        3.7594438787583039E-010
   1.0480000000000000        2.4900550693262797E-010
   1.0500000000000000        1.5786388965594952E-010
   1.0520000000000000        2.8001572150619792E-010
   1.0540000000000000        1.8031219560923197E-010
   1.0560000000000000        3.1487428798889801E-010
   1.0580000000000001        2.0481322047345969E-010
   1.0600000000000001        3.5152598021370842E-010
   1.0620000000000001        2.3259929657517793E-010
   1.0640000000000001        1.4727243641246931E-010
   1.0660000000000001        2.6177102042462729E-010
   1.0680000000000001        1.6829461249397737E-010
   1.0700000000000001        2.9484249553683653E-010
   1.0720000000000001        1.9147019855760194E-010
   1.0740000000000001        3.2983923785540822E-010
   1.0760000000000001        2.1795397846544312E-010
   1.0780000000000001        1.3776418417729570E-010
   1.0800000000000001        2.4590817306620545E-010
   1.0820000000000001        1.5788019256952446E-010
   1.0840000000000001        2.7771387546294798E-010
   1.0860000000000001        1.8014261288133067E-010
   1.0880000000000001        3.1146985722948164E-010
   1.0900000000000001        2.0564460632586655E-010
   1.0920000000000001        3.4968118967401505E-010
   1.0940000000000001        2.3262252705268824E-010
   1.0960000000000001        1.4923248420688927E-010
   1.0980000000000001        2.6335173921287584E-010
   1.1000000000000001        1.7071044338355745E-010
   1.1020000000000001        2.9602534315015517E-010
   1.1040000000000001        1.9532798959233239E-010
   1.1060000000000001        3.3205278453361107E-010
   1.1080000000000001        2.2138605315260863E-010
   1.1100000000000001        1.4187381787335634E-010
   1.1120000000000001        2.5106172156683277E-010
   1.1140000000000001        1.6250646111610859E-010
   1.1160000000000001        2.8260996811095511E-010
   1.1180000000000001        1.8613024023843687E-010
   1.1200000000000001        3.1738830153509750E-010
   1.1220000000000001        2.1111965949911146E-010
   1.1240000000000001        1.3472793409424029E-010
   1.1260000000000001        2.3960417690369488E-010
   1.1280000000000001        1.5436441541213232E-010
   1.1300000000000001        2.6996849969386137E-010
   1.1320000000000001        1.7697278613849092E-010
   1.1340000000000001        3.0361566037600434E-010
   1.1360000000000001        2.0108966716108967E-010
   1.1380000000000001        1.2742673025290040E-010
   1.1400000000000001        2.2888379149635525E-010
   1.1420000000000001        1.4669491200868101E-010
   1.1440000000000001        2.5889814393008728E-010
   1.1460000000000001        1.6924589942532715E-010
   1.1480000000000001        2.9255107816239463E-010
   1.1500000000000001        1.9369809652588530E-010
   1.1520000000000001        1.2288647471757041E-010
   1.1540000000000001        2.2211299144543022E-010
   1.1560000000000001        1.4303311887375799E-010
   1.1580000000000001        2.5297585739987981E-010
   1.1600000000000001        1.6655084904564595E-010
   1.1620000000000001        2.8749991116594003E-010
   1.1640000000000001        1.9192396592262343E-010
   1.1660000000000001        1.2356999879448953E-010
   1.1680000000000001        2.2018254699496432E-010
   1.1700000000000002        1.4426592202840964E-010
   1.1720000000000002        2.5209266495797420E-010
   1.1740000000000002        1.6786126755689631E-010
   1.1760000000000002        2.8640935287185853E-010
   1.1780000000000002        1.9287494794397455E-010
   1.1800000000000002        1.2584608444454912E-010
   1.1820000000000002        2.2039226985086986E-010
   1.1840000000000002        1.4571492413931653E-010
   1.1860000000000002        2.5131775674976849E-010
   1.1880000000000002        1.6832431547538053E-010
   1.1900000000000002        2.8463313268058699E-010
   1.1920000000000002        1.9242014351681762E-010
   1.1940000000000002        1.2626077664147256E-010
   1.1960000000000002        2.1920414696827501E-010
   1.1980000000000002        1.4553890400373026E-010
   1.2000000000000002        2.4963339152006545E-010
   1.2020000000000002        1.6709634895600826E-010
   1.2040000000000002        2.8271432352085526E-010
   1.2060000000000002        1.9174884111851656E-010
   1.2080000000000000        1.2647634500741437E-010
   1.2100000000000000        2.1851225080636360E-010
   1.2120000000000000        1.4574604000750995E-010
   1.2140000000000000        2.4893007193018991E-010
   1.2160000000000000        1.6727434391498440E-010
   1.2180000000000000        2.8198521776754001E-010
   1.2200000000000000        1.9183198204128336E-010
   1.2220000000000000        1.2707537031398902E-010
   1.2240000000000000        2.1848487862919368E-010
   1.2260000000000000        1.4620178416366311E-010
   1.2280000000000000        2.4880634343319630E-010
   1.2300000000000000        1.6763632146843480E-010
   1.2320000000000000        2.8187631721643085E-010
   1.2340000000000000        1.9219577822225185E-010
   1.2360000000000000        1.2775147551137267E-010
   1.2380000000000000        2.1899460500425075E-010
   1.2400000000000000        1.4701730374987699E-010
   1.2420000000000000        2.4955665955086530E-010
   1.2440000000000000        1.6865726136930947E-010
   1.2460000000000000        2.8293154489256385E-010
   1.2480000000000000        1.9341127769108659E-010
   1.2500000000000000        1.2840618051975650E-010
   1.2520000000000000        2.2035991241064994E-010
   1.2540000000000000        1.4829173306914842E-010
   1.2560000000000000        2.5098669587975517E-010
   1.2580000000000000        1.6987109215225481E-010
   1.2600000000000000        2.8440396619395850E-010
   1.2620000000000000        1.9454103504548975E-010
   1.2640000000000000        1.2920639350153415E-010
   1.2660000000000000        2.2151346483901651E-010
   1.2680000000000000        1.4908070126633156E-010
   1.2700000000000000        2.5237508845739559E-010
   1.2720000000000000        1.7091775579472147E-010
   1.2740000000000000        1.1283595229228500E-010
   1.2760000000000000        1.9617504891023702E-010
   1.2780000000000000        1.3067752725616096E-010
   1.2800000000000000        2.2410634915970986E-010
   1.2820000000000000        1.5151332141945235E-010
   1.2840000000000000        2.5568266610108655E-010
   1.2860000000000000        1.7456396381606370E-010
   1.2880000000000000        1.1640921255106757E-010
   1.2900000000000000        2.0114397198054718E-010
   1.2920000000000000        1.3543307242127185E-010
   1.2940000000000000        2.3037932768438227E-010
   1.2960000000000000        1.5732567512480701E-010
   1.2980000000000000        2.6310049986340560E-010
   1.3000000000000000        1.8120604381852185E-010
   1.3020000000000000        1.2237501830108439E-010
   1.3040000000000000        2.0781054456396392E-010
   1.3060000000000000        1.4159037491089136E-010
   1.3080000000000001        2.3776080433340656E-010
   1.3100000000000001        1.6335846067690294E-010
   1.3120000000000001        1.0941254626370510E-010
   1.3140000000000001        1.8689759313240488E-010
   1.3160000000000001        1.2663148424264341E-010
   1.3180000000000001        2.1307462844630871E-010
   1.3200000000000001        1.4522678031502621E-010
   1.3220000000000001        2.4266122755593825E-010
   1.3240000000000001        1.6650061226290546E-010
   1.3260000000000001        1.1114322862305494E-010
   1.3280000000000001        1.8983335034996925E-010
   1.3300000000000001        1.2813292137878555E-010
   1.3320000000000001        2.1619718639732215E-010
   1.3340000000000001        1.4690786625615592E-010
   1.3360000000000001        2.4641642704181832E-010
   1.3380000000000001        1.6833117921044554E-010
   1.3400000000000001        1.1238540627533429E-010
   1.3420000000000001        1.9311006978687358E-010
   1.3440000000000001        1.3030318188753750E-010
   1.3460000000000001        2.2077525076547190E-010
   1.3480000000000001        1.5023810367548733E-010
   1.3500000000000001        9.9627789876652559E-011
   1.3520000000000001        1.7294156087291305E-010
   1.3540000000000001        1.1592783318190465E-010
   1.3560000000000001        1.9903356575807680E-010
   1.3580000000000001        1.3489627943423885E-010
   1.3600000000000001        2.2799729359527582E-010
   1.3620000000000001        1.5583708836063891E-010
   1.3640000000000001        1.0399834207195832E-010
   1.3660000000000001        1.7951967142015087E-010
   1.3680000000000001        1.2103679458087174E-010
   1.3700000000000001        2.0662360660984158E-010
   1.3720000000000001        1.4037152082619050E-010
   1.3740000000000001        2.3672031137684753E-010
   1.3760000000000001        1.6263731820341667E-010
   1.3780000000000001        1.0938400596456394E-010
   1.3800000000000001        1.8742516622253439E-010
   1.3820000000000001        1.2736695980115860E-010
   1.3840000000000001        2.1586247675783157E-010
   1.3860000000000001        1.4784618949222649E-010
   1.3880000000000001        9.9378428211808327E-011
   1.3900000000000001        1.7142612030968487E-010
   1.3920000000000001        1.1632530805534175E-010
   1.3940000000000001        1.9764143066507561E-010
   1.3960000000000001        1.3584148728134155E-010
   1.3980000000000001        2.2753183903801257E-010
   1.4000000000000001        1.5742781987142765E-010
   1.4020000000000001        1.0735936619762624E-010
   1.4040000000000001        1.8200907916663669E-010
   1.4060000000000001        1.2495153024569530E-010
   1.4080000000000001        2.0909748475490566E-010
   1.4100000000000001        1.4495239290637234E-010
   1.4120000000000001        9.8937925673850208E-011
   1.4140000000000001        1.6690724262595858E-010
   1.4160000000000001        1.1466273386011932E-010
   1.4180000000000001        1.9182288429307335E-010
   1.4200000000000002        1.3228833246591559E-010
   1.4220000000000002        2.1931306792606058E-010
   1.4240000000000002        1.5241059855642883E-010
   1.4260000000000002        1.0389190082802211E-010
   1.4280000000000002        1.7467474893983905E-010
   1.4300000000000002        1.2009759712476278E-010
   1.4320000000000002        2.0016240066172681E-010
   1.4340000000000002        1.3809983350100057E-010
   1.4360000000000002        2.2853293296987221E-010
   1.4380000000000002        1.5887643361071275E-010
   1.4400000000000002        1.0829141891948924E-010
   1.4420000000000002        1.8206998980296331E-010
   1.4440000000000002        1.2521949781290544E-010
   1.4460000000000002        2.0840453073072286E-010
   1.4480000000000002        1.4414229994139373E-010
   1.4500000000000002        9.7897487106630582E-011
   1.4520000000000002        1.6600489981041869E-010
   1.4540000000000002        1.1328258720004689E-010
   1.4560000000000002        1.9042708697456920E-010
   1.4580000000000002        1.3113721658611616E-010
   1.4600000000000002        2.1811798300584160E-010
   1.4620000000000002        1.5107915235502818E-010
   1.4640000000000002        1.0274427814438911E-010
   1.4660000000000000        1.7375541174769770E-010
   1.4680000000000000        1.1896715319628736E-010
   1.4700000000000000        1.9975504809788248E-010
   1.4720000000000000        1.3777858670511239E-010
   1.4740000000000000        9.2864641740948986E-011
   1.4760000000000000        1.5883750378567181E-010
   1.4780000000000000        1.0825773703868010E-010
   1.4800000000000000        1.8283583543290435E-010
   1.4820000000000000        1.2553357120910984E-010
   1.4840000000000000        2.1039280531768070E-010
   1.4860000000000000        1.4531206082204792E-010
   1.4880000000000000        9.8631776065702688E-011
   1.4900000000000000        1.6813806486594322E-010
   1.4920000000000000        1.1523412905399836E-010
   1.4940000000000000        1.9381174931852411E-010
   1.4960000000000000        1.3386652401899569E-010
   1.4980000000000000        9.0821662087716745E-011
   1.5000000000000000        1.5511717227090550E-010
   1.5020000000000000        1.0619287968413719E-010
   1.5040000000000000        1.7950284813523957E-010
   1.5060000000000000        1.2398863001495948E-010
   1.5080000000000000        8.3894643185342488E-011
   1.5100000000000000        1.4383568483728334E-010
   1.5120000000000000        9.8516810478988116E-011
   1.5140000000000000        1.6633936299219833E-010
   1.5160000000000000        1.1478500414641917E-010
   1.5180000000000000        1.9205150403210530E-010
   1.5200000000000000        1.3325906793055857E-010
   1.5220000000000000        9.1178717389519652E-011
   1.5240000000000000        1.5444840287358308E-010
   1.5260000000000000        1.0656992484601546E-010
   1.5280000000000000        1.7817483087415840E-010
   1.5300000000000000        1.2373882914446838E-010
   1.5320000000000000        8.4692669386012702E-011
   1.5340000000000000        1.4326316618126439E-010
   1.5360000000000000        9.8745279111021846E-011
   1.5380000000000000        1.6565101517705709E-010
   1.5400000000000000        1.1473627949898238E-010
   1.5420000000000000        1.9069886584190958E-010
   1.5440000000000000        1.3310002152618439E-010
   1.5460000000000000        9.1647075131939896E-011
   1.5480000000000000        1.5361491406098211E-010
   1.5500000000000000        1.0633324045904804E-010
   1.5520000000000000        1.7705833910938289E-010
   1.5540000000000000        1.2299005121634998E-010
   1.5560000000000000        8.4255851433426812E-011
   1.5580000000000001        1.4209783884671633E-010
   1.5600000000000001        9.7673954008973997E-011
   1.5620000000000001        1.6350037718802395E-010
   1.5640000000000001        1.1317820620927480E-010
   1.5660000000000001        1.8805443116766656E-010
   1.5680000000000001        1.3062166443779050E-010
   1.5700000000000001        8.9368430007240902E-011
   1.5720000000000001        1.5079922509550906E-010
   1.5740000000000001        1.0361127845133985E-010
   1.5760000000000001        1.7359388841939640E-010
   1.5780000000000001        1.2023178684236224E-010
   1.5800000000000001        8.1620060143537221E-011
   1.5820000000000001        1.3907555360273057E-010
   1.5840000000000001        9.5349737678448041E-011
   1.5860000000000001        1.6091568421995313E-010
   1.5880000000000001        1.1093159690449151E-010
   1.5900000000000001        1.8558443114048011E-010
   1.5920000000000001        1.2903896084418374E-010
   1.5940000000000001        8.8071168072682940E-011
   1.5960000000000001        1.4947234702059033E-010
   1.5980000000000001        1.0301887861369247E-010
   1.6000000000000001        1.7276790088511623E-010
   1.6020000000000001        1.1985640365153645E-010
   1.6040000000000001        8.1794461668600440E-011
   1.6060000000000001        1.3928558195274094E-010
   1.6080000000000001        9.5608758055566259E-011
   1.6100000000000001        1.6115534730655993E-010
   1.6120000000000001        1.1162641349617178E-010
   1.6140000000000001        7.5847360804747374E-011
   1.6160000000000001        1.2970074964402867E-010
   1.6180000000000001        8.9075575207274739E-011
   1.6200000000000001        1.5038531285024625E-010
   1.6220000000000001        1.0404510171943778E-010
   1.6240000000000001        1.7418778796848027E-010
   1.6260000000000001        1.2143574330928436E-010
   1.6280000000000001        8.3286878757997060E-011
   1.6300000000000001        1.4107813054401305E-010
   1.6320000000000001        9.7751745898886474E-011
   1.6340000000000001        1.6348926934238337E-010
   1.6360000000000001        1.1404287394146347E-010
   1.6380000000000001        7.8543503394457005E-011
   1.6400000000000001        1.3260018648420385E-010
   1.6420000000000001        9.1942234609768265E-011
   1.6440000000000001        1.5383336090286689E-010
   1.6460000000000001        1.0736019558914526E-010
   1.6480000000000001        7.3793769052088916E-011
   1.6500000000000001        1.2460840450283920E-010
   1.6520000000000001        8.6350290837074614E-011
   1.6540000000000001        1.4419126272596846E-010
   1.6560000000000001        1.0039950925305124E-010
   1.6580000000000001        1.6659748080355801E-010
   1.6600000000000001        1.1641812508413786E-010
   1.6620000000000001        8.0387513100191268E-011
   1.6640000000000001        1.3485941662175257E-010
   1.6660000000000001        9.3654550726607868E-011
   1.6680000000000001        1.5570761990414778E-010
   1.6700000000000002        1.0864353771339098E-010
   1.6720000000000002        7.4797273872257819E-011
   1.6740000000000002        1.2584569838990918E-010
   1.6760000000000002        8.7099760408941479E-011
   1.6780000000000002        1.4571225348953219E-010
   1.6800000000000002        1.0126787229573164E-010
   1.6820000000000002        1.6820707722694829E-010
   1.6840000000000002        1.1769109732934914E-010
   1.6860000000000002        8.1272480883467207E-011
   1.6880000000000002        1.3630665308170398E-010
   1.6900000000000002        9.4632286442825456E-011
   1.6920000000000002        1.5775576083711972E-010
   1.6940000000000002        1.0998027263085314E-010
   1.6960000000000002        7.5696441523787580E-011
   1.6980000000000002        1.2772315893921763E-010
   1.7000000000000002        8.8299862259754053E-011
   1.7020000000000002        1.4781356734368504E-010
   1.7040000000000002        1.0292198429334647E-010
   1.7060000000000002        7.0641966955461112E-011
   1.7080000000000002        1.1949498499043525E-010
   1.7100000000000002        8.2480175489380639E-011
   1.7120000000000002        1.3862702521431722E-010
   1.7140000000000002        9.6102569837777248E-011
   1.7160000000000002        1.6029220210971529E-010
   1.7180000000000002        1.1190273081834808E-010
   1.7200000000000000        7.6847550923423884E-011
   1.7220000000000000        1.2984497232410442E-010
   1.7240000000000000        8.9894368351603847E-011
   1.7260000000000000        1.5058467477418122E-010
   1.7280000000000000        1.0476182774825366E-010
   1.7300000000000000        7.1907125253557096E-011
   1.7320000000000000        1.2204080845565976E-010
   1.7340000000000000        8.4254489642168324E-011
   1.7360000000000000        1.4170155198557211E-010
   1.7380000000000000        9.8663421368797431E-011
   1.7400000000000000        6.7611382061643718E-011
   1.7420000000000000        1.1505783326943379E-010
   1.7440000000000000        7.9604126243054388E-011
   1.7460000000000000        1.3400258405717668E-010
   1.7480000000000000        9.3207809694239016E-011
   1.7500000000000000        6.4062227653302862E-011
   1.7520000000000000        1.0891868137222084E-010
   1.7540000000000000        7.5248234660728196E-011
   1.7560000000000000        1.2665277443123984E-010
   1.7580000000000000        8.8165671824529363E-011
   1.7600000000000000        1.4685317756394874E-010
   1.7620000000000000        1.0273570968261674E-010
   1.7640000000000000        7.0961222447774606E-011
   1.7660000000000000        1.1952927214049964E-010
   1.7680000000000000        8.2884484015272836E-011
   1.7700000000000000        1.3853855659939452E-010
   1.7720000000000000        9.6727715463823283E-011
   1.7740000000000000        6.6507186656977192E-011
   1.7760000000000000        1.1247087786918562E-010
   1.7780000000000000        7.7951722848046785E-011
   1.7800000000000000        1.3058065136983325E-010
   1.7820000000000000        9.1017611148606212E-011
   1.7840000000000000        6.2628464645616355E-011
   1.7860000000000000        1.0623700321216340E-010
   1.7880000000000000        7.3472043534595666E-011
   1.7900000000000000        1.2354846851670935E-010
   1.7920000000000000        8.6118092768793209E-011
   1.7940000000000000        1.4337887085195323E-010
   1.7960000000000000        1.0046800006364234E-010
   1.7980000000000000        6.9570048627188348E-011
   1.8000000000000000        1.1689843327175763E-010
