 -180.00   -90.00  0.00 16.00
 -175.00   -90.00  0.00 15.00
 -170.00   -90.00  0.00 10.87
 -165.00   -90.00  1.09 43.91
 -160.00   -90.00  0.04 25.96
 -155.00   -90.00  0.00 28.00
 -150.00   -90.00  0.00 32.68
 -145.00   -90.00  0.14 36.24
 -140.00   -90.00  0.20 43.09
 -135.00   -90.00  0.25 38.16
 -130.00   -90.00  0.29 39.49
 -125.00   -90.00  0.13 36.87
 -120.00   -90.00  0.00 37.85
 -115.00   -90.00  0.11 34.51
 -110.00   -90.00  0.00 37.00
 -105.00   -90.00  0.00 39.00
 -100.00   -90.00  0.59 32.91
  -95.00   -90.00  0.00 21.00
  -90.00   -90.00  0.00 12.17
  -85.00   -90.00  1.86 36.14
  -80.00   -90.00  1.84 35.16
  -75.00   -90.00  1.06 30.94
  -70.00   -90.00  0.00 21.00
  -65.00   -90.00  0.00 12.46
  -60.00   -90.00  0.00 11.96
  -55.00   -90.00  0.00 12.21
  -50.00   -90.00  0.00 11.59
  -45.00   -90.00  0.00 11.07
  -40.00   -90.00  0.00 10.39
  -35.00   -90.00  0.00 10.93
  -30.00   -90.00  0.00 10.67
  -25.00   -90.00  0.00 10.56
  -20.00   -90.00  0.00 11.17
  -15.00   -90.00  0.00 11.41
  -10.00   -90.00  0.00 11.23
   -5.00   -90.00  0.00 10.91
    0.00   -90.00  0.00 16.00
    5.00   -90.00  0.00 13.00
   10.00   -90.00  0.00 10.47
   15.00   -90.00  0.89 41.11
   20.00   -90.00  0.13 26.87
   25.00   -90.00  0.00 25.00
   30.00   -90.00  0.00 27.00
   35.00   -90.00  0.12 38.77
   40.00   -90.00  0.19 40.29
   45.00   -90.00  0.34 38.94
   50.00   -90.00  0.42 37.45
   55.00   -90.00  0.14 36.86
   60.00   -90.00  0.00 34.60
   65.00   -90.00  0.15 32.89
   70.00   -90.00  0.00 37.00
   75.00   -90.00  0.00 39.00
   80.00   -90.00  0.84 34.16
   85.00   -90.00  0.00 22.00
   90.00   -90.00  0.00 12.19
   95.00   -90.00  2.04 35.96
  100.00   -90.00  1.93 35.07
  105.00   -90.00  0.96 30.04
  110.00   -90.00  0.00 19.00
  115.00   -90.00  0.00 11.73
  120.00   -90.00  0.00 11.98
  125.00   -90.00  0.00 12.26
  130.00   -90.00  0.00 11.60
  135.00   -90.00  0.00 11.19
  140.00   -90.00  0.00 10.32
  145.00   -90.00  0.00 10.83
  150.00   -90.00  0.00 10.48
  155.00   -90.00  0.00 10.08
  160.00   -90.00  0.00 11.23
  165.00   -90.00  0.00 11.31
  170.00   -90.00  0.00 11.07
  175.00   -90.00  0.00 10.98
  180.00   -90.00  0.00 17.00
 -180.00   -85.00  0.00 19.00
 -175.00   -85.00  0.00 12.00
 -170.00   -85.00  1.14 30.86
 -165.00   -85.00  0.03 32.97
 -160.00   -85.00  0.00 10.39
 -155.00   -85.00  0.00 27.00
 -150.00   -85.00  0.00 35.00
 -145.00   -85.00  0.41 44.21
 -140.00   -85.00  0.29 40.69
 -135.00   -85.00  0.21 40.64
 -130.00   -85.00  0.26 44.34
 -125.00   -85.00  0.06 40.94
 -120.00   -85.00  0.00 31.09
 -115.00   -85.00  0.22 36.42
 -110.00   -85.00  0.12 39.15
 -105.00   -85.00  0.00 39.00
 -100.00   -85.00  0.34 36.66
  -95.00   -85.00  0.00 21.00
  -90.00   -85.00  0.00 12.15
  -85.00   -85.00  1.42 35.58
  -80.00   -85.00  1.29 34.71
  -75.00   -85.00  1.04 29.96
  -70.00   -85.00  0.00 26.00
  -65.00   -85.00  0.00 12.42
  -60.00   -85.00  0.00 11.91
  -55.00   -85.00  0.00 12.00
  -50.00   -85.00  0.00 11.49
  -45.00   -85.00  0.00 10.82
  -40.00   -85.00  0.00 11.01
  -35.00   -85.00  0.00 10.96
  -30.00   -85.00  0.00 10.86
  -25.00   -85.00  0.00 10.02
  -20.00   -85.00  0.00 11.50
  -15.00   -85.00  0.00 11.70
  -10.00   -85.00  0.00 11.51
   -5.00   -85.00  0.00 10.89
    0.00   -85.00  0.00 15.00
    5.00   -85.00  0.00 11.00
   10.00   -85.00  0.00 31.67
   15.00   -85.00  0.17 35.83
   20.00   -85.00  0.00 12.26
   25.00   -85.00  0.00 23.00
   30.00   -85.00  0.00 34.00
   35.00   -85.00  0.41 47.81
   40.00   -85.00  0.27 38.93
   45.00   -85.00  0.35 30.62
   50.00   -85.00  0.28 37.72
   55.00   -85.00  0.11 37.89
   60.00   -85.00  0.00 33.00
   65.00   -85.00  0.20 36.44
   70.00   -85.00  0.19 39.49
   75.00   -85.00  0.00 39.00
   80.00   -85.00  0.12 33.38
   85.00   -85.00  0.00 21.00
   90.00   -85.00  0.00 12.15
   95.00   -85.00  1.43 35.57
  100.00   -85.00  1.40 35.60
  105.00   -85.00  1.16 30.84
  110.00   -85.00  0.00 26.00
  115.00   -85.00  0.00 12.47
  120.00   -85.00  0.00 11.90
  125.00   -85.00  0.00 11.99
  130.00   -85.00  0.00 11.56
  135.00   -85.00  0.00 11.10
  140.00   -85.00  0.00 10.90
  145.00   -85.00  0.00 10.98
  150.00   -85.00  0.00 10.82
  155.00   -85.00  0.00  9.96
  160.00   -85.00  0.00 11.39
  165.00   -85.00  0.00 11.67
  170.00   -85.00  0.00 11.41
  175.00   -85.00  0.00 10.94
  180.00   -85.00  0.00 13.00
 -180.00   -80.00  3.07 54.60
 -175.00   -80.00  0.00 17.00
 -170.00   -80.00  0.00 26.60
 -165.00   -80.00  0.00 25.48
 -160.00   -80.00  0.00 11.12
 -155.00   -80.00  0.00 29.00
 -150.00   -80.00  0.00 25.00
 -145.00   -80.00  0.03 37.29
 -140.00   -80.00  0.37 48.39
 -135.00   -80.00  0.28 41.33
 -130.00   -80.00  0.28 40.35
 -125.00   -80.00  0.09 37.91
 -120.00   -80.00  0.00 40.06
 -115.00   -80.00  0.00 39.00
 -110.00   -80.00  0.00 37.00
 -105.00   -80.00  0.00 19.22
 -100.00   -80.00  0.77 36.23
  -95.00   -80.00  0.00 22.00
  -90.00   -80.00  0.00 12.21
  -85.00   -80.00  1.37 33.63
  -80.00   -80.00  0.69 33.30
  -75.00   -80.00  0.61 30.39
  -70.00   -80.00  0.00 27.00
  -65.00   -80.00  0.00 12.16
  -60.00   -80.00  0.00 11.93
  -55.00   -80.00  0.00 11.53
  -50.00   -80.00  0.00 11.84
  -45.00   -80.00  0.00 10.09
  -40.00   -80.00  0.00 11.21
  -35.00   -80.00  0.00 10.99
  -30.00   -80.00  0.00 10.96
  -25.00   -80.00  0.00 11.11
  -20.00   -80.00  0.00 11.18
  -15.00   -80.00  0.00 11.55
  -10.00   -80.00  0.00 18.50
   -5.00   -80.00  1.61 42.39
    0.00   -80.00  0.39 44.61
    5.00   -80.00  0.00 10.69
   10.00   -80.00  0.00 26.48
   15.00   -80.00  0.00 21.20
   20.00   -80.00  0.00 12.74
   25.00   -80.00  0.00 27.05
   30.00   -80.00  0.00 26.00
   35.00   -80.00  0.05 33.89
   40.00   -80.00  0.64 41.36
   45.00   -80.00  0.24 37.85
   50.00   -80.00  0.29 38.55
   55.00   -80.00  0.00 38.00
   60.00   -80.00  0.00 38.00
   65.00   -80.00  0.00 39.00
   70.00   -80.00  0.00 37.00
   75.00   -80.00  0.00 22.96
   80.00   -80.00  0.86 36.14
   85.00   -80.00  0.00 22.00
   90.00   -80.00  0.00 12.20
   95.00   -80.00  1.41 34.59
  100.00   -80.00  0.85 33.15
  105.00   -80.00  0.74 30.26
  110.00   -80.00  0.00 26.00
  115.00   -80.00  0.00 12.20
  120.00   -80.00  0.00 11.91
  125.00   -80.00  0.00 11.62
  130.00   -80.00  0.00 11.04
  135.00   -80.00  0.00 10.40
  140.00   -80.00  0.00 11.04
  145.00   -80.00  0.00 11.01
  150.00   -80.00  0.00 10.99
  155.00   -80.00  0.00 11.12
  160.00   -80.00  0.00 10.08
  165.00   -80.00  0.00 11.61
  170.00   -80.00  0.00 11.50
  175.00   -80.00  0.09 31.91
  180.00   -80.00  0.00 30.00
 -180.00   -75.00  0.19 40.81
 -175.00   -75.00  1.46 52.04
 -170.00   -75.00  0.36 30.64
 -165.00   -75.00  0.00 20.76
 -160.00   -75.00  0.00 20.44
 -155.00   -75.00  0.00 13.32
 -150.00   -75.00  0.00 14.38
 -145.00   -75.00  0.00 15.14
 -140.00   -75.00  0.00 31.00
 -135.00   -75.00  0.28 37.73
 -130.00   -75.00  0.42 34.61
 -125.00   -75.00  0.40 43.60
 -120.00   -75.00  0.20 35.80
 -115.00   -75.00  0.06 42.67
 -110.00   -75.00  0.47 41.92
 -105.00   -75.00  0.00 15.18
 -100.00   -75.00  0.13 36.87
  -95.00   -75.00  0.00 23.00
  -90.00   -75.00  0.00 12.28
  -85.00   -75.00  1.26 33.74
  -80.00   -75.00  0.11 30.89
  -75.00   -75.00  0.56 31.44
  -70.00   -75.00  0.02 29.98
  -65.00   -75.00  0.00 11.79
  -60.00   -75.00  0.00 11.30
  -55.00   -75.00  0.00 12.15
  -50.00   -75.00  0.17 30.83
  -45.00   -75.00  0.09 29.91
  -40.00   -75.00  0.00 22.00
  -35.00   -75.00  0.00 11.46
  -30.00   -75.00  0.00 11.27
  -25.00   -75.00  0.00 10.74
  -20.00   -75.00  0.00 11.90
  -15.00   -75.00  0.79 39.21
  -10.00   -75.00  0.94 40.06
   -5.00   -75.00  0.12 40.88
    0.00   -75.00  0.19 40.81
    5.00   -75.00  1.60 53.40
   10.00   -75.00  0.06 25.94
   15.00   -75.00  0.00 18.54
   20.00   -75.00  0.00 29.85
   25.00   -75.00  0.00 13.49
   30.00   -75.00  0.00 13.56
   35.00   -75.00  0.00 17.44
   40.00   -75.00  0.01 32.12
   45.00   -75.00  0.41 37.20
   50.00   -75.00  0.40 34.63
   55.00   -75.00  0.36 42.64
   60.00   -75.00  0.17 36.83
   65.00   -75.00  0.00 39.64
   70.00   -75.00  0.27 36.73
   75.00   -75.00  0.00 15.26
   80.00   -75.00  0.29 36.71
   85.00   -75.00  0.00 23.00
   90.00   -75.00  0.00 12.27
   95.00   -75.00  1.26 33.74
  100.00   -75.00  0.11 30.89
  105.00   -75.00  0.43 30.57
  110.00   -75.00  0.00 28.00
  115.00   -75.00  0.00 11.94
  120.00   -75.00  0.00 12.59
  125.00   -75.00  0.00 11.08
  130.00   -75.00  0.00 29.00
  135.00   -75.00  0.00 24.00
  140.00   -75.00  0.00 11.94
  145.00   -75.00  0.00 11.13
  150.00   -75.00  0.00 11.43
  155.00   -75.00  0.00 10.53
  160.00   -75.00  0.00 11.96
  165.00   -75.00  0.00 21.00
  170.00   -75.00  2.21 47.78
  175.00   -75.00  0.15 40.85
  180.00   -75.00  0.22 40.78
 -180.00   -70.00  0.12 40.88
 -175.00   -70.00  0.12 36.88
 -170.00   -70.00  0.22 35.87
 -165.00   -70.00  0.00 18.23
 -160.00   -70.00  0.00 21.74
 -155.00   -70.00  0.00 13.65
 -150.00   -70.00  0.00 13.21
 -145.00   -70.00  0.00 13.27
 -140.00   -70.00  0.00 15.75
 -135.00   -70.00  0.03 39.06
 -130.00   -70.00  0.27 41.53
 -125.00   -70.00  0.58 40.42
 -120.00   -70.00  0.00 37.00
 -115.00   -70.00  0.47 38.52
 -110.00   -70.00  0.41 36.22
 -105.00   -70.00  0.00 18.41
 -100.00   -70.00  0.00 30.00
  -95.00   -70.00  0.00 25.00
  -90.00   -70.00  0.00 12.34
  -85.00   -70.00  1.35 33.65
  -80.00   -70.00  0.10 29.91
  -75.00   -70.00  1.15 32.85
  -70.00   -70.00  0.78 31.22
  -65.00   -70.00  0.00 22.00
  -60.00   -70.00  0.00 11.17
  -55.00   -70.00  0.08 29.92
  -50.00   -70.00  0.22 31.78
  -45.00   -70.00  0.54 33.46
  -40.00   -70.00  1.08 36.92
  -35.00   -70.00  1.74 46.84
  -30.00   -70.00  3.13 60.37
  -25.00   -70.00  2.79 47.00
  -20.00   -70.00  1.60 50.06
  -15.00   -70.00  3.97 61.44
  -10.00   -70.00  0.27 40.73
   -5.00   -70.00  0.15 40.85
    0.00   -70.00  0.15 40.85
    5.00   -70.00  0.14 40.86
   10.00   -70.00  0.62 36.10
   15.00   -70.00  0.00 20.74
   20.00   -70.00  0.00 20.37
   25.00   -70.00  0.00 13.54
   30.00   -70.00  0.00 13.32
   35.00   -70.00  0.00 13.29
   40.00   -70.00  0.00 16.05
   45.00   -70.00  0.09 35.42
   50.00   -70.00  0.44 42.36
   55.00   -70.00  0.54 40.46
   60.00   -70.00  0.02 36.98
   65.00   -70.00  0.27 38.73
   70.00   -70.00  0.73 38.27
   75.00   -70.00  0.00 17.05
   80.00   -70.00  0.00 30.00
   85.00   -70.00  0.00 25.00
   90.00   -70.00  0.00 12.32
   95.00   -70.00  1.32 33.68
  100.00   -70.00  0.10 29.90
  105.00   -70.00  1.10 32.90
  110.00   -70.00  0.26 30.74
  115.00   -70.00  0.00 16.94
  120.00   -70.00  0.00 11.24
  125.00   -70.00  0.00 28.50
  130.00   -70.00  0.34 33.66
  135.00   -70.00  0.61 33.38
  140.00   -70.00  0.90 35.43
  145.00   -70.00  2.30 52.03
  150.00   -70.00  2.65 51.69
  155.00   -70.00  0.17 34.84
  160.00   -70.00  0.00 24.00
  165.00   -70.00  4.27 68.73
  170.00   -70.00  0.31 40.69
  175.00   -70.00  0.14 40.86
  180.00   -70.00  0.15 40.85
 -180.00   -65.00  0.04 36.96
 -175.00   -65.00  0.60 35.40
 -170.00   -65.00  0.16 44.90
 -165.00   -65.00  0.00 32.73
 -160.00   -65.00  0.00 18.01
 -155.00   -65.00  0.00 12.70
 -150.00   -65.00  0.00 11.93
 -145.00   -65.00  0.00 13.00
 -140.00   -65.00  0.00 13.94
 -135.00   -65.00  0.00 32.90
 -130.00   -65.00  0.00 39.10
 -125.00   -65.00  0.50 39.50
 -120.00   -65.00  0.03 40.24
 -115.00   -65.00  0.00 35.00
 -110.00   -65.00  0.00 14.00
 -105.00   -65.00  0.00 29.00
 -100.00   -65.00  0.59 36.61
  -95.00   -65.00  0.00 25.00
  -90.00   -65.00  0.00 12.42
  -85.00   -65.00  1.53 33.47
  -80.00   -65.00  0.09 29.91
  -75.00   -65.00  0.27 34.73
  -70.00   -65.00  1.99 34.01
  -65.00   -65.00  0.00 30.00
  -60.00   -65.00  0.00 10.46
  -55.00   -65.00  0.00 12.88
  -50.00   -65.00  0.00 29.00
  -45.00   -65.00  0.00 29.00
  -40.00   -65.00  0.07 33.93
  -35.00   -65.00  0.21 35.79
  -30.00   -65.00  0.63 36.62
  -25.00   -65.00  0.59 40.41
  -20.00   -65.00  2.19 47.27
  -15.00   -65.00  0.17 40.83
  -10.00   -65.00  0.21 40.79
   -5.00   -65.00  0.07 40.93
    0.00   -65.00  0.06 40.94
    5.00   -65.00  0.89 35.11
   10.00   -65.00  0.22 42.34
   15.00   -65.00  0.00 17.47
   20.00   -65.00  0.00 19.54
   25.00   -65.00  0.00 12.74
   30.00   -65.00  0.00 11.87
   35.00   -65.00  0.00 12.97
   40.00   -65.00  0.00 12.82
   45.00   -65.00  0.09 34.41
   50.00   -65.00  0.00 44.90
   55.00   -65.00  0.49 39.51
   60.00   -65.00  0.44 40.02
   65.00   -65.00  0.00 36.00
   70.00   -65.00  0.00 21.00
   75.00   -65.00  0.00 25.00
   80.00   -65.00  0.31 36.89
   85.00   -65.00  0.00 25.00
   90.00   -65.00  0.00 12.40
   95.00   -65.00  1.49 33.52
  100.00   -65.00  0.08 29.92
  105.00   -65.00  0.59 34.41
  110.00   -65.00  1.79 34.21
  115.00   -65.00  0.00 28.00
  120.00   -65.00  0.00 10.13
  125.00   -65.00  0.00 20.00
  130.00   -65.00  0.00 29.00
  135.00   -65.00  0.00 29.00
  140.00   -65.00  0.12 31.88
  145.00   -65.00  0.33 35.67
  150.00   -65.00  0.28 35.72
  155.00   -65.00  1.82 39.18
  160.00   -65.00  3.30 62.80
  165.00   -65.00  0.17 40.83
  170.00   -65.00  0.15 40.85
  175.00   -65.00  0.09 40.91
  180.00   -65.00  0.07 40.93
 -180.00   -60.00  0.18 40.82
 -175.00   -60.00  0.12 35.88
 -170.00   -60.00  0.00 16.00
 -165.00   -60.00  0.00 15.77
 -160.00   -60.00  0.00 12.17
 -155.00   -60.00  0.00 13.08
 -150.00   -60.00  0.00 12.72
 -145.00   -60.00  0.00 12.89
 -140.00   -60.00  0.00 14.18
 -135.00   -60.00  0.00 28.18
 -130.00   -60.00  0.00 36.45
 -125.00   -60.00  0.13 35.86
 -120.00   -60.00  0.00 12.65
 -115.00   -60.00  0.00 11.00
 -110.00   -60.00  0.00 15.00
 -105.00   -60.00  0.00 35.00
 -100.00   -60.00  1.45 36.75
  -95.00   -60.00  0.00 25.00
  -90.00   -60.00  0.00 13.53
  -85.00   -60.00  1.57 33.42
  -80.00   -60.00  0.08 29.92
  -75.00   -60.00  0.01 30.05
  -70.00   -60.00  0.00 28.00
  -65.00   -60.00  0.00 27.00
  -60.00   -60.00  0.00 10.95
  -55.00   -60.00  0.00 11.37
  -50.00   -60.00  0.00 32.00
  -45.00   -60.00  0.00 24.00
  -40.00   -60.00  0.00 32.00
  -35.00   -60.00  0.04 35.97
  -30.00   -60.00  0.04 40.96
  -25.00   -60.00  0.10 40.90
  -20.00   -60.00  0.12 40.88
  -15.00   -60.00  0.30 40.70
  -10.00   -60.00  0.28 40.72
   -5.00   -60.00  0.07 40.93
    0.00   -60.00  0.15 47.81
    5.00   -60.00  0.44 35.56
   10.00   -60.00  0.00 26.57
   15.00   -60.00  0.00 24.29
   20.00   -60.00  0.00 12.10
   25.00   -60.00  0.00 12.86
   30.00   -60.00  0.00 12.65
   35.00   -60.00  0.00 12.76
   40.00   -60.00  0.00 14.15
   45.00   -60.00  0.00 32.58
   50.00   -60.00  0.00 39.80
   55.00   -60.00  0.24 37.76
   60.00   -60.00  0.00 13.04
   65.00   -60.00  0.00 10.00
   70.00   -60.00  0.00 15.66
   75.00   -60.00  0.00 37.00
   80.00   -60.00  1.36 36.44
   85.00   -60.00  0.00 25.00
   90.00   -60.00  0.00 13.51
   95.00   -60.00  1.57 34.43
  100.00   -60.00  0.13 29.87
  105.00   -60.00  0.04 30.02
  110.00   -60.00  0.00 29.00
  115.00   -60.00  0.00 28.00
  120.00   -60.00  0.00 10.81
  125.00   -60.00  0.00 12.83
  130.00   -60.00  0.00 32.00
  135.00   -60.00  0.00 30.00
  140.00   -60.00  0.00 32.00
  145.00   -60.00  0.06 35.94
  150.00   -60.00  0.04 40.96
  155.00   -60.00  0.12 40.88
  160.00   -60.00  0.18 40.82
  165.00   -60.00  0.24 40.76
  170.00   -60.00  0.20 40.80
  175.00   -60.00  0.05 40.95
  180.00   -60.00  0.09 47.87
 -180.00   -55.00  0.23 40.77
 -175.00   -55.00  0.14 35.86
 -170.00   -55.00  0.00 14.52
 -165.00   -55.00  0.00 12.19
 -160.00   -55.00  0.00 12.11
 -155.00   -55.00  0.00 12.62
 -150.00   -55.00  0.00 12.43
 -145.00   -55.00  0.00 13.46
 -140.00   -55.00  0.00 13.25
 -135.00   -55.00  0.00 26.00
 -130.00   -55.00  0.00 38.12
 -125.00   -55.00  0.00 28.00
 -120.00   -55.00  0.00 12.35
 -115.00   -55.00  0.00 31.00
 -110.00   -55.00  0.41 34.26
 -105.00   -55.00  1.62 36.68
 -100.00   -55.00  1.77 36.93
  -95.00   -55.00  0.00 24.00
  -90.00   -55.00  0.00 13.69
  -85.00   -55.00  1.67 33.33
  -80.00   -55.00  0.07 29.93
  -75.00   -55.00  0.00 27.07
  -70.00   -55.00  0.00 19.00
  -65.00   -55.00  0.00 26.00
  -60.00   -55.00  0.00 10.80
  -55.00   -55.00  0.00 11.12
  -50.00   -55.00  0.00 23.00
  -45.00   -55.00  0.00 13.78
  -40.00   -55.00  0.00 16.08
  -35.00   -55.00  0.00 32.00
  -30.00   -55.00  0.16 37.84
  -25.00   -55.00  0.26 40.74
  -20.00   -55.00  0.49 38.29
  -15.00   -55.00  0.58 40.41
  -10.00   -55.00  0.35 40.65
   -5.00   -55.00  0.24 38.76
    0.00   -55.00  0.38 40.62
    5.00   -55.00  0.13 35.87
   10.00   -55.00  0.00 16.60
   15.00   -55.00  0.00 13.41
   20.00   -55.00  0.00 12.08
   25.00   -55.00  0.00 12.79
   30.00   -55.00  0.00 12.44
   35.00   -55.00  0.00 13.47
   40.00   -55.00  0.00 14.24
   45.00   -55.00  0.00 23.00
   50.00   -55.00  0.00 35.27
   55.00   -55.00  0.00 28.00
   60.00   -55.00  0.00 12.28
   65.00   -55.00  0.00 29.00
   70.00   -55.00  0.09 34.25
   75.00   -55.00  1.31 36.49
   80.00   -55.00  1.70 36.90
   85.00   -55.00  0.00 25.00
   90.00   -55.00  0.00 13.65
   95.00   -55.00  1.65 33.35
  100.00   -55.00  0.08 29.92
  105.00   -55.00  0.00 28.06
  110.00   -55.00  0.00 22.00
  115.00   -55.00  0.00 27.00
  120.00   -55.00  0.00 10.83
  125.00   -55.00  0.00 11.60
  130.00   -55.00  0.00 23.00
  135.00   -55.00  0.00 14.51
  140.00   -55.00  0.00 22.76
  145.00   -55.00  0.00 34.00
  150.00   -55.00  0.18 38.82
  155.00   -55.00  0.26 40.74
  160.00   -55.00  0.25 34.08
  165.00   -55.00  0.48 40.52
  170.00   -55.00  0.30 40.70
  175.00   -55.00  0.23 38.77
  180.00   -55.00  0.34 40.66
 -180.00   -50.00  0.00 30.00
 -175.00   -50.00  0.00 20.00
 -170.00   -50.00  0.00 12.76
 -165.00   -50.00  0.00 10.98
 -160.00   -50.00  0.00 11.12
 -155.00   -50.00  0.00 11.44
 -150.00   -50.00  0.00 11.69
 -145.00   -50.00  0.00 11.61
 -140.00   -50.00  0.00 13.16
 -135.00   -50.00  0.00 22.29
 -130.00   -50.00  0.00 19.08
 -125.00   -50.00  0.00 11.76
 -120.00   -50.00  0.00 13.18
 -115.00   -50.00  1.75 37.25
 -110.00   -50.00  1.38 37.62
 -105.00   -50.00  2.49 36.81
 -100.00   -50.00  2.10 36.80
  -95.00   -50.00  0.00 23.00
  -90.00   -50.00  0.00 13.84
  -85.00   -50.00  1.71 33.30
  -80.00   -50.00  0.28 31.73
  -75.00   -50.00  0.00 27.00
  -70.00   -50.00  0.00 13.09
  -65.00   -50.00  0.00 11.63
  -60.00   -50.00  0.00 10.50
  -55.00   -50.00  0.00 11.09
  -50.00   -50.00  0.00 14.32
  -45.00   -50.00  0.00 14.67
  -40.00   -50.00  0.00 14.40
  -35.00   -50.00  0.00 16.28
  -30.00   -50.00  0.00 32.00
  -25.00   -50.00  0.89 36.63
  -20.00   -50.00  0.49 43.96
  -15.00   -50.00  0.68 41.73
  -10.00   -50.00  0.22 35.11
   -5.00   -50.00  0.15 38.85
    0.00   -50.00  0.01 29.99
    5.00   -50.00  0.00 23.00
   10.00   -50.00  0.00 13.76
   15.00   -50.00  0.00 11.28
   20.00   -50.00  0.00 11.59
   25.00   -50.00  0.00 11.68
   30.00   -50.00  0.00 12.06
   35.00   -50.00  0.00 11.49
   40.00   -50.00  0.00 13.29
   45.00   -50.00  0.00 25.73
   50.00   -50.00  0.00 23.00
   55.00   -50.00  0.00 12.60
   60.00   -50.00  0.00 13.30
   65.00   -50.00  0.93 37.78
   70.00   -50.00  0.83 38.17
   75.00   -50.00  2.37 36.63
   80.00   -50.00  2.05 36.85
   85.00   -50.00  0.00 24.00
   90.00   -50.00  0.00 13.81
   95.00   -50.00  1.70 33.30
  100.00   -50.00  0.30 31.70
  105.00   -50.00  0.00 27.00
  110.00   -50.00  0.00 12.91
  115.00   -50.00  0.00 11.33
  120.00   -50.00  0.00 10.31
  125.00   -50.00  0.00 12.32
  130.00   -50.00  0.00 14.77
  135.00   -50.00  0.00 14.87
  140.00   -50.00  0.00 14.48
  145.00   -50.00  0.00 16.29
  150.00   -50.00  0.00 33.00
  155.00   -50.00  0.85 38.76
  160.00   -50.00  0.41 44.64
  165.00   -50.00  0.42 34.00
  170.00   -50.00  0.19 36.81
  175.00   -50.00  0.23 38.77
  180.00   -50.00  0.01 29.99
 -180.00   -45.00  0.00 18.00
 -175.00   -45.00  0.00 12.62
 -170.00   -45.00  0.00 11.52
 -165.00   -45.00  0.00 11.14
 -160.00   -45.00  0.00 10.99
 -155.00   -45.00  0.00 10.99
 -150.00   -45.00  0.00  9.86
 -145.00   -45.00  0.00 11.18
 -140.00   -45.00  0.00 13.75
 -135.00   -45.00  0.00 12.79
 -130.00   -45.00  0.00 13.97
 -125.00   -45.00  0.00 11.43
 -120.00   -45.00  0.00 26.00
 -115.00   -45.00  2.56 36.03
 -110.00   -45.00  2.46 40.54
 -105.00   -45.00  2.90 39.10
 -100.00   -45.00  2.25 36.75
  -95.00   -45.00  0.00 23.00
  -90.00   -45.00  0.00 13.97
  -85.00   -45.00  1.76 33.24
  -80.00   -45.00  0.19 31.81
  -75.00   -45.00  0.00 27.00
  -70.00   -45.00  0.00 12.58
  -65.00   -45.00  0.00 12.40
  -60.00   -45.00  0.00 10.06
  -55.00   -45.00  0.00 11.57
  -50.00   -45.00  0.00 21.00
  -45.00   -45.00  0.00 15.01
  -40.00   -45.00  0.00 15.16
  -35.00   -45.00  0.00 13.96
  -30.00   -45.00  0.00 11.53
  -25.00   -45.00  0.00 24.00
  -20.00   -45.00  0.94 39.97
  -15.00   -45.00  0.62 38.59
  -10.00   -45.00  0.49 36.51
   -5.00   -45.00  0.18 38.82
    0.00   -45.00  0.00 29.00
    5.00   -45.00  0.00 12.98
   10.00   -45.00  0.00 11.71
   15.00   -45.00  0.00 10.35
   20.00   -45.00  0.00 10.69
   25.00   -45.00  0.00 10.76
   30.00   -45.00  0.00 10.38
   35.00   -45.00  0.00 11.37
   40.00   -45.00  0.00 13.67
   45.00   -45.00  0.00 13.65
   50.00   -45.00  0.00 14.71
   55.00   -45.00  0.00 11.55
   60.00   -45.00  0.00 28.00
   65.00   -45.00  2.71 36.29
   70.00   -45.00  2.31 40.69
   75.00   -45.00  2.84 36.96
   80.00   -45.00  2.23 36.77
   85.00   -45.00  0.00 22.00
   90.00   -45.00  0.00 13.95
   95.00   -45.00  1.75 33.25
  100.00   -45.00  0.28 31.72
  105.00   -45.00  0.00 27.00
  110.00   -45.00  0.00 12.55
  115.00   -45.00  0.00 12.33
  120.00   -45.00  0.00 13.00
  125.00   -45.00  0.00 11.88
  130.00   -45.00  0.00 14.55
  135.00   -45.00  0.00 14.15
  140.00   -45.00  0.00 14.15
  145.00   -45.00  0.00 14.90
  150.00   -45.00  0.00 14.07
  155.00   -45.00  0.00 29.25
  160.00   -45.00  0.85 37.75
  165.00   -45.00  0.68 39.54
  170.00   -45.00  0.64 36.36
  175.00   -45.00  0.21 40.79
  180.00   -45.00  0.00 30.00
 -180.00   -40.00  0.00 12.32
 -175.00   -40.00  0.00 12.56
 -170.00   -40.00  0.00 10.92
 -165.00   -40.00  0.00 12.18
 -160.00   -40.00  0.00 12.58
 -155.00   -40.00  0.00 12.15
 -150.00   -40.00  0.00 10.99
 -145.00   -40.00  0.00  9.96
 -140.00   -40.00  0.00 12.66
 -135.00   -40.00  0.00 12.07
 -130.00   -40.00  0.00 12.27
 -125.00   -40.00  0.00 11.00
 -120.00   -40.00  0.00 11.02
 -115.00   -40.00  0.00 25.60
 -110.00   -40.00  2.98 36.93
 -105.00   -40.00  2.92 36.63
 -100.00   -40.00  2.15 36.95
  -95.00   -40.00  0.00 23.00
  -90.00   -40.00  0.00 14.07
  -85.00   -40.00  1.85 33.15
  -80.00   -40.00  0.08 32.92
  -75.00   -40.00  0.00 27.00
  -70.00   -40.00  0.00 13.16
  -65.00   -40.00  0.00 12.63
  -60.00   -40.00  0.00 10.79
  -55.00   -40.00  0.00 11.40
  -50.00   -40.00  0.00 12.94
  -45.00   -40.00  0.00 14.11
  -40.00   -40.00  0.00 14.20
  -35.00   -40.00  0.00 12.96
  -30.00   -40.00  0.00 12.06
  -25.00   -40.00  0.00 13.28
  -20.00   -40.00  0.00 22.17
  -15.00   -40.00  0.19 39.14
  -10.00   -40.00  0.41 37.94
   -5.00   -40.00  0.32 32.03
    0.00   -40.00  0.00 11.71
    5.00   -40.00  0.00 12.61
   10.00   -40.00  0.00 10.73
   15.00   -40.00  0.00 11.90
   20.00   -40.00  0.00 12.30
   25.00   -40.00  0.00 11.94
   30.00   -40.00  0.00 10.86
   35.00   -40.00  0.00 10.37
   40.00   -40.00  0.00 12.73
   45.00   -40.00  0.00 10.82
   50.00   -40.00  0.00 12.38
   55.00   -40.00  0.00 10.99
   60.00   -40.00  0.00 11.92
   65.00   -40.00  0.00 28.00
   70.00   -40.00  2.91 36.89
   75.00   -40.00  2.94 37.16
   80.00   -40.00  2.19 36.91
   85.00   -40.00  0.00 23.00
   90.00   -40.00  0.00 14.06
   95.00   -40.00  1.83 33.17
  100.00   -40.00  0.09 32.91
  105.00   -40.00  0.00 27.00
  110.00   -40.00  0.00 12.98
  115.00   -40.00  0.00 12.58
  120.00   -40.00  0.00 10.02
  125.00   -40.00  0.00 10.02
  130.00   -40.00  0.00 14.31
  135.00   -40.00  0.00 15.23
  140.00   -40.00  0.00 14.20
  145.00   -40.00  0.00 12.95
  150.00   -40.00  0.00 11.86
  155.00   -40.00  0.00 13.18
  160.00   -40.00  0.23 23.44
  165.00   -40.00  0.50 31.50
  170.00   -40.00  0.61 39.73
  175.00   -40.00  0.45 34.26
  180.00   -40.00  0.00 12.77
 -180.00   -35.00  0.00 12.24
 -175.00   -35.00  0.00 10.26
 -170.00   -35.00  0.00 11.96
 -165.00   -35.00  0.00 12.79
 -160.00   -35.00  0.00 12.05
 -155.00   -35.00  0.00 13.05
 -150.00   -35.00  0.00 11.78
 -145.00   -35.00  0.00 10.07
 -140.00   -35.00  0.00  9.96
 -135.00   -35.00  0.00 10.54
 -130.00   -35.00  0.00 11.06
 -125.00   -35.00  0.00 11.99
 -120.00   -35.00  0.00 11.95
 -115.00   -35.00  0.00 19.30
 -110.00   -35.00  2.30 34.30
 -105.00   -35.00  2.83 36.37
 -100.00   -35.00  1.87 36.83
  -95.00   -35.00  0.00 25.00
  -90.00   -35.00  0.00 14.13
  -85.00   -35.00  2.00 33.00
  -80.00   -35.00  0.20 34.80
  -75.00   -35.00  0.00 26.00
  -70.00   -35.00  0.00 13.11
  -65.00   -35.00  0.00 12.83
  -60.00   -35.00  0.00  9.80
  -55.00   -35.00  0.00  9.00
  -50.00   -35.00  0.00 11.50
  -45.00   -35.00  0.00 13.55
  -40.00   -35.00  0.00 13.01
  -35.00   -35.00  0.00 12.39
  -30.00   -35.00  0.00 12.00
  -25.00   -35.00  0.00 12.43
  -20.00   -35.00  0.00 11.21
  -15.00   -35.00  0.00 12.51
  -10.00   -35.00  0.00 12.29
   -5.00   -35.00  0.00 15.00
    0.00   -35.00  0.00 12.27
    5.00   -35.00  0.00 10.68
   10.00   -35.00  0.00 11.87
   15.00   -35.00  0.00 12.80
   20.00   -35.00  0.00 12.31
   25.00   -35.00  0.00 12.98
   30.00   -35.00  0.00 11.94
   35.00   -35.00  0.00  9.91
   40.00   -35.00  0.00 10.69
   45.00   -35.00  0.00 11.55
   50.00   -35.00  0.00 12.09
   55.00   -35.00  0.00 11.85
   60.00   -35.00  0.00 11.60
   65.00   -35.00  0.00 20.90
   70.00   -35.00  2.52 34.48
   75.00   -35.00  2.86 36.62
   80.00   -35.00  1.94 36.96
   85.00   -35.00  0.00 24.00
   90.00   -35.00  0.00 14.12
   95.00   -35.00  1.97 33.03
  100.00   -35.00  0.12 33.88
  105.00   -35.00  0.00 27.00
  110.00   -35.00  0.00 13.06
  115.00   -35.00  0.00 12.75
  120.00   -35.00  0.00  9.33
  125.00   -35.00  0.00 11.61
  130.00   -35.00  0.00 11.39
  135.00   -35.00  0.00 13.57
  140.00   -35.00  0.00 12.92
  145.00   -35.00  0.00 12.59
  150.00   -35.00  0.00 12.00
  155.00   -35.00  0.00 12.35
  160.00   -35.00  0.00 11.04
  165.00   -35.00  0.00 12.37
  170.00   -35.00  0.00 16.00
  175.00   -35.00  0.05 30.62
  180.00   -35.00  0.00 12.51
 -180.00   -30.00  0.00 11.00
 -175.00   -30.00  0.00 10.98
 -170.00   -30.00  0.00 12.27
 -165.00   -30.00  0.00 12.23
 -160.00   -30.00  0.00 11.80
 -155.00   -30.00  0.00 13.57
 -150.00   -30.00  0.00 10.42
 -145.00   -30.00  0.00 10.20
 -140.00   -30.00  0.00 12.00
 -135.00   -30.00  0.00  9.23
 -130.00   -30.00  0.00  9.75
 -125.00   -30.00  0.00 12.17
 -120.00   -30.00  0.00 11.65
 -115.00   -30.00  0.00 19.70
 -110.00   -30.00  2.00 36.85
 -105.00   -30.00  2.24 34.76
 -100.00   -30.00  1.34 35.66
  -95.00   -30.00  0.00 25.00
  -90.00   -30.00  0.00 14.16
  -85.00   -30.00  2.10 33.90
  -80.00   -30.00  0.62 36.38
  -75.00   -30.00  0.00 27.00
  -70.00   -30.00  0.00 12.39
  -65.00   -30.00  0.00 12.75
  -60.00   -30.00  0.00  9.79
  -55.00   -30.00  0.00 11.44
  -50.00   -30.00  0.00 12.65
  -45.00   -30.00  0.00 12.94
  -40.00   -30.00  0.00 11.53
  -35.00   -30.00  0.00 11.09
  -30.00   -30.00  0.00 10.05
  -25.00   -30.00  0.00 12.41
  -20.00   -30.00  0.00 11.30
  -15.00   -30.00  0.00 12.19
  -10.00   -30.00  0.00 13.50
   -5.00   -30.00  0.00 13.24
    0.00   -30.00  0.00 11.01
    5.00   -30.00  0.00 10.87
   10.00   -30.00  0.00 12.21
   15.00   -30.00  0.00 12.44
   20.00   -30.00  0.00 11.81
   25.00   -30.00  0.00 12.64
   30.00   -30.00  0.00 11.30
   35.00   -30.00  0.00 11.33
   40.00   -30.00  0.00 12.00
   45.00   -30.00  0.00  9.60
   50.00   -30.00  0.00 10.03
   55.00   -30.00  0.00 12.34
   60.00   -30.00  0.00 11.97
   65.00   -30.00  0.00 17.25
   70.00   -30.00  2.10 32.95
   75.00   -30.00  2.47 34.53
   80.00   -30.00  1.47 36.53
   85.00   -30.00  0.00 25.00
   90.00   -30.00  0.00 14.16
   95.00   -30.00  2.09 32.91
  100.00   -30.00  0.42 35.58
  105.00   -30.00  0.00 27.00
  110.00   -30.00  0.00 13.40
  115.00   -30.00  0.00 12.74
  120.00   -30.00  0.00 10.04
  125.00   -30.00  0.00 11.10
  130.00   -30.00  0.00 12.90
  135.00   -30.00  0.00 13.03
  140.00   -30.00  0.00 12.57
  145.00   -30.00  0.00 11.29
  150.00   -30.00  0.00 11.60
  155.00   -30.00  0.00 12.31
  160.00   -30.00  0.00 11.67
  165.00   -30.00  0.00 11.93
  170.00   -30.00  0.00 13.29
  175.00   -30.00  0.00 13.08
  180.00   -30.00  0.00 11.22
 -180.00   -25.00  0.00 10.76
 -175.00   -25.00  0.00 12.22
 -170.00   -25.00  0.00 12.02
 -165.00   -25.00  0.00 10.42
 -160.00   -25.00  0.00 12.08
 -155.00   -25.00  0.00 13.03
 -150.00   -25.00  0.00 13.21
 -145.00   -25.00  0.00 12.12
 -140.00   -25.00  0.00 10.80
 -135.00   -25.00  0.00 10.18
 -130.00   -25.00  0.00 11.93
 -125.00   -25.00  0.00 12.99
 -120.00   -25.00  0.00 10.55
 -115.00   -25.00  0.00 22.45
 -110.00   -25.00  0.05 27.81
 -105.00   -25.00  1.20 34.10
 -100.00   -25.00  0.46 35.25
  -95.00   -25.00  0.00 21.00
  -90.00   -25.00  0.00 14.18
  -85.00   -25.00  2.18 34.82
  -80.00   -25.00  1.06 35.94
  -75.00   -25.00  0.02 30.98
  -70.00   -25.00  0.00 12.30
  -65.00   -25.00  0.00 12.81
  -60.00   -25.00  0.00 12.46
  -55.00   -25.00  0.00 12.37
  -50.00   -25.00  0.00 12.56
  -45.00   -25.00  0.00 11.59
  -40.00   -25.00  0.00 10.99
  -35.00   -25.00  0.00 11.00
  -30.00   -25.00  0.00 11.70
  -25.00   -25.00  0.00 11.86
  -20.00   -25.00  0.00 12.56
  -15.00   -25.00  0.00 12.53
  -10.00   -25.00  0.00 12.59
   -5.00   -25.00  0.00 12.64
    0.00   -25.00  0.00 10.13
    5.00   -25.00  0.00 12.22
   10.00   -25.00  0.00 13.12
   15.00   -25.00  0.00 10.46
   20.00   -25.00  0.00 12.22
   25.00   -25.00  0.00 13.18
   30.00   -25.00  0.00 13.32
   35.00   -25.00  0.00 12.22
   40.00   -25.00  0.00 11.70
   45.00   -25.00  0.00  9.89
   50.00   -25.00  0.00 11.83
   55.00   -25.00  0.00 12.00
   60.00   -25.00  0.00 11.37
   65.00   -25.00  0.00 22.32
   70.00   -25.00  0.52 29.10
   75.00   -25.00  1.28 33.97
   80.00   -25.00  0.76 35.34
   85.00   -25.00  0.00 21.00
   90.00   -25.00  0.00 14.17
   95.00   -25.00  2.15 33.85
  100.00   -25.00  1.03 35.97
  105.00   -25.00  0.00 30.00
  110.00   -25.00  0.00 12.41
  115.00   -25.00  0.00 12.70
  120.00   -25.00  0.00 12.15
  125.00   -25.00  0.00 14.06
  130.00   -25.00  0.00 12.32
  135.00   -25.00  0.00 12.76
  140.00   -25.00  0.00 11.14
  145.00   -25.00  0.00 11.00
  150.00   -25.00  0.00 11.67
  155.00   -25.00  0.00 12.16
  160.00   -25.00  0.00 12.61
  165.00   -25.00  0.00 12.47
  170.00   -25.00  0.00 12.62
  175.00   -25.00  0.00 12.64
  180.00   -25.00  0.00 10.49
 -180.00   -20.00  0.00 11.44
 -175.00   -20.00  0.00 12.84
 -170.00   -20.00  0.00 13.78
 -165.00   -20.00  0.00 16.00
 -160.00   -20.00  0.00 16.00
 -155.00   -20.00  0.00 15.00
 -150.00   -20.00  0.00 13.34
 -145.00   -20.00  0.00 12.86
 -140.00   -20.00  0.00 12.07
 -135.00   -20.00  0.00 11.73
 -130.00   -20.00  0.00 12.27
 -125.00   -20.00  0.00 16.03
 -120.00   -20.00  0.00 20.23
 -115.00   -20.00  0.78 32.52
 -110.00   -20.00  0.00 15.07
 -105.00   -20.00  0.00 26.35
 -100.00   -20.00  0.08 33.22
  -95.00   -20.00  0.00 17.00
  -90.00   -20.00  0.00 14.18
  -85.00   -20.00  2.33 34.67
  -80.00   -20.00  1.28 34.72
  -75.00   -20.00  0.29 33.71
  -70.00   -20.00  0.00 13.44
  -65.00   -20.00  0.00 12.88
  -60.00   -20.00  0.00 10.76
  -55.00   -20.00  0.00 11.51
  -50.00   -20.00  0.00 11.30
  -45.00   -20.00  0.00 10.94
  -40.00   -20.00  0.00 10.50
  -35.00   -20.00  0.00 10.79
  -30.00   -20.00  0.00 11.13
  -25.00   -20.00  0.00 11.57
  -20.00   -20.00  0.00 11.72
  -15.00   -20.00  0.00 11.57
  -10.00   -20.00  0.00 12.01
   -5.00   -20.00  0.00 11.79
    0.00   -20.00  0.00 11.36
    5.00   -20.00  0.00 12.60
   10.00   -20.00  0.00 13.28
   15.00   -20.00  0.00 13.76
   20.00   -20.00  0.00 13.20
   25.00   -20.00  0.00 13.42
   30.00   -20.00  0.00 12.60
   35.00   -20.00  0.00 13.03
   40.00   -20.00  0.00 11.94
   45.00   -20.00  0.00 11.44
   50.00   -20.00  0.00 12.22
   55.00   -20.00  0.00 20.00
   60.00   -20.00  0.00 17.70
   65.00   -20.00  0.62 29.39
   70.00   -20.00  0.00 16.59
   75.00   -20.00  0.00 27.27
   80.00   -20.00  0.17 33.63
   85.00   -20.00  0.00 22.00
   90.00   -20.00  0.00 14.18
   95.00   -20.00  2.30 34.70
  100.00   -20.00  1.17 34.83
  105.00   -20.00  0.20 33.80
  110.00   -20.00  0.00 13.41
  115.00   -20.00  0.00 12.77
  120.00   -20.00  0.00 10.89
  125.00   -20.00  0.00 11.82
  130.00   -20.00  0.00 11.31
  135.00   -20.00  0.00 10.98
  140.00   -20.00  0.00 10.74
  145.00   -20.00  0.00 10.72
  150.00   -20.00  0.00 11.41
  155.00   -20.00  0.00 11.67
  160.00   -20.00  0.00 11.97
  165.00   -20.00  0.00 11.89
  170.00   -20.00  0.00 12.44
  175.00   -20.00  0.00 12.02
  180.00   -20.00  0.00 11.18
 -180.00   -15.00  0.00 11.01
 -175.00   -15.00  0.00 13.67
 -170.00   -15.00  0.05 31.95
 -165.00   -15.00  0.06 37.94
 -160.00   -15.00  0.12 37.88
 -155.00   -15.00  0.28 38.72
 -150.00   -15.00  0.00 19.47
 -145.00   -15.00  0.00 12.18
 -140.00   -15.00  0.00 11.51
 -135.00   -15.00  0.00 12.45
 -130.00   -15.00  0.00 18.61
 -125.00   -15.00  0.00 15.58
 -120.00   -15.00  0.00 19.80
 -115.00   -15.00  0.00 29.23
 -110.00   -15.00  0.00 11.76
 -105.00   -15.00  0.00 18.30
 -100.00   -15.00  0.00 30.90
  -95.00   -15.00  0.00 11.67
  -90.00   -15.00  0.00 14.20
  -85.00   -15.00  2.43 34.57
  -80.00   -15.00  1.66 33.34
  -75.00   -15.00  1.31 34.69
  -70.00   -15.00  0.00 11.70
  -65.00   -15.00  0.00 12.93
  -60.00   -15.00  0.00 11.61
  -55.00   -15.00  0.00 11.27
  -50.00   -15.00  0.00 10.84
  -45.00   -15.00  0.00  9.99
  -40.00   -15.00  0.00 10.38
  -35.00   -15.00  0.00 10.58
  -30.00   -15.00  0.00 10.08
  -25.00   -15.00  0.00 10.36
  -20.00   -15.00  0.00 10.78
  -15.00   -15.00  0.00  9.95
  -10.00   -15.00  0.00 10.32
   -5.00   -15.00  0.00 10.73
    0.00   -15.00  0.00 10.99
    5.00   -15.00  0.00 13.81
   10.00   -15.00  0.00 30.00
   15.00   -15.00  0.05 37.95
   20.00   -15.00  0.09 37.91
   25.00   -15.00  0.17 38.83
   30.00   -15.00  0.00 14.40
   35.00   -15.00  0.00 10.65
   40.00   -15.00  0.00 11.99
   45.00   -15.00  0.00 12.71
   50.00   -15.00  0.00 13.39
   55.00   -15.00  0.00 14.07
   60.00   -15.00  0.00 20.05
   65.00   -15.00  0.17 30.18
   70.00   -15.00  0.00 11.56
   75.00   -15.00  0.00 20.20
   80.00   -15.00  0.00 31.40
   85.00   -15.00  0.00 11.52
   90.00   -15.00  0.00 14.19
   95.00   -15.00  2.41 34.59
  100.00   -15.00  1.59 34.41
  105.00   -15.00  1.10 34.90
  110.00   -15.00  0.00 12.22
  115.00   -15.00  0.00 12.96
  120.00   -15.00  0.00 11.49
  125.00   -15.00  0.00 11.31
  130.00   -15.00  0.00 10.99
  135.00   -15.00  0.00 10.15
  140.00   -15.00  0.00 10.19
  145.00   -15.00  0.00 10.36
  150.00   -15.00  0.00 10.46
  155.00   -15.00  0.00 10.87
  160.00   -15.00  0.00 10.97
  165.00   -15.00  0.00 10.34
  170.00   -15.00  0.00 10.78
  175.00   -15.00  0.00 10.88
  180.00   -15.00  0.00 10.41
 -180.00   -10.00  0.00 11.64
 -175.00   -10.00  0.00 25.00
 -170.00   -10.00  0.53 36.47
 -165.00   -10.00  0.29 38.71
 -160.00   -10.00  0.36 40.64
 -155.00   -10.00  0.32 37.68
 -150.00   -10.00  0.95 37.15
 -145.00   -10.00  0.00 17.80
 -140.00   -10.00  0.17 29.53
 -135.00   -10.00  0.00 19.45
 -130.00   -10.00  0.00 26.91
 -125.00   -10.00  0.07 28.76
 -120.00   -10.00  0.00 19.74
 -115.00   -10.00  0.00 21.23
 -110.00   -10.00  0.00 11.96
 -105.00   -10.00  0.00 14.40
 -100.00   -10.00  0.00 26.05
  -95.00   -10.00  0.00 11.86
  -90.00   -10.00  0.00 14.22
  -85.00   -10.00  2.50 34.50
  -80.00   -10.00  1.93 33.08
  -75.00   -10.00  2.36 33.64
  -70.00   -10.00  0.00 25.00
  -65.00   -10.00  0.00 13.02
  -60.00   -10.00  0.00 12.09
  -55.00   -10.00  0.00 10.67
  -50.00   -10.00  0.00 10.09
  -45.00   -10.00  0.00 10.08
  -40.00   -10.00  0.00 10.35
  -35.00   -10.00  0.00 10.99
  -30.00   -10.00  0.00 10.40
  -25.00   -10.00  0.00 11.25
  -20.00   -10.00  0.00 10.48
  -15.00   -10.00  0.00 10.88
  -10.00   -10.00  0.00 10.81
   -5.00   -10.00  0.00 10.67
    0.00   -10.00  0.00 11.58
    5.00   -10.00  0.00 22.00
   10.00   -10.00  0.55 36.45
   15.00   -10.00  0.28 38.72
   20.00   -10.00  0.39 38.61
   25.00   -10.00  0.27 35.73
   30.00   -10.00  0.69 34.27
   35.00   -10.00  0.00 18.24
   40.00   -10.00  0.00 26.45
   45.00   -10.00  0.00 18.36
   50.00   -10.00  0.00 27.63
   55.00   -10.00  0.00 28.62
   60.00   -10.00  0.00 18.86
   65.00   -10.00  0.00 23.82
   70.00   -10.00  0.00 10.40
   75.00   -10.00  0.00 14.70
   80.00   -10.00  0.00 27.40
   85.00   -10.00  0.00 11.85
   90.00   -10.00  0.00 14.21
   95.00   -10.00  2.48 34.52
  100.00   -10.00  1.89 33.11
  105.00   -10.00  2.25 33.75
  110.00   -10.00  0.00 23.00
  115.00   -10.00  0.00 13.01
  120.00   -10.00  0.00 12.02
  125.00   -10.00  0.00 11.04
  130.00   -10.00  0.00 10.44
  135.00   -10.00  0.00 10.08
  140.00   -10.00  0.00 10.43
  145.00   -10.00  0.00 11.04
  150.00   -10.00  0.00 10.68
  155.00   -10.00  0.00 11.03
  160.00   -10.00  0.00 10.18
  165.00   -10.00  0.00 10.90
  170.00   -10.00  0.00 10.56
  175.00   -10.00  0.00 10.40
  180.00   -10.00  0.00 11.31
 -180.00    -5.00  0.00 13.03
 -175.00    -5.00  0.00 20.00
 -170.00    -5.00  0.31 38.69
 -165.00    -5.00  0.39 40.61
 -160.00    -5.00  0.28 40.72
 -155.00    -5.00  0.29 37.71
 -150.00    -5.00  0.55 37.41
 -145.00    -5.00  0.66 29.67
 -140.00    -5.00  0.69 31.46
 -135.00    -5.00  0.00 17.58
 -130.00    -5.00  0.00 32.99
 -125.00    -5.00  0.06 33.31
 -120.00    -5.00  0.00 27.84
 -115.00    -5.00  0.00 13.47
 -110.00    -5.00  0.00 11.41
 -105.00    -5.00  0.00 13.70
 -100.00    -5.00  0.00 18.00
  -95.00    -5.00  0.00 11.44
  -90.00    -5.00  0.00 14.24
  -85.00    -5.00  2.55 34.45
  -80.00    -5.00  2.12 32.88
  -75.00    -5.00  2.65 34.35
  -70.00    -5.00  0.00 29.00
  -65.00    -5.00  0.00 12.96
  -60.00    -5.00  0.00 12.15
  -55.00    -5.00  0.00  9.80
  -50.00    -5.00  0.00  9.63
  -45.00    -5.00  0.00 10.97
  -40.00    -5.00  0.00 11.30
  -35.00    -5.00  0.00 10.43
  -30.00    -5.00  0.00 11.54
  -25.00    -5.00  0.00 11.78
  -20.00    -5.00  0.00 11.84
  -15.00    -5.00  0.00 11.74
  -10.00    -5.00  0.00 11.75
   -5.00    -5.00  0.00 12.00
    0.00    -5.00  0.00 13.04
    5.00    -5.00  0.00 17.00
   10.00    -5.00  0.29 38.71
   15.00    -5.00  0.27 40.73
   20.00    -5.00  0.29 40.70
   25.00    -5.00  0.27 37.73
   30.00    -5.00  0.55 37.66
   35.00    -5.00  0.74 30.92
   40.00    -5.00  0.66 31.12
   45.00    -5.00  0.00 18.22
   50.00    -5.00  0.00 30.10
   55.00    -5.00  0.01 31.81
   60.00    -5.00  0.00 24.78
   65.00    -5.00  0.00 14.30
   70.00    -5.00  0.00 11.65
   75.00    -5.00  0.00 13.80
   80.00    -5.00  0.00 19.40
   85.00    -5.00  0.00 11.60
   90.00    -5.00  0.00 14.23
   95.00    -5.00  2.54 34.46
  100.00    -5.00  2.10 32.90
  105.00    -5.00  2.61 33.39
  110.00    -5.00  0.00 28.00
  115.00    -5.00  0.00 13.00
  120.00    -5.00  0.00 12.14
  125.00    -5.00  0.00 10.05
  130.00    -5.00  0.00  9.48
  135.00    -5.00  0.00 10.77
  140.00    -5.00  0.00 11.08
  145.00    -5.00  0.00 10.41
  150.00    -5.00  0.00 11.52
  155.00    -5.00  0.00 11.79
  160.00    -5.00  0.00 11.87
  165.00    -5.00  0.00 10.96
  170.00    -5.00  0.00 11.26
  175.00    -5.00  0.00 11.77
  180.00    -5.00  0.00 12.03
 -180.00     0.00  0.00 12.47
 -175.00     0.00  0.00 14.89
 -170.00     0.00  0.40 41.60
 -165.00     0.00  0.26 38.74
 -160.00     0.00  0.58 44.92
 -155.00     0.00  0.39 37.61
 -150.00     0.00  0.40 35.57
 -145.00     0.00  1.11 35.29
 -140.00     0.00  0.00 20.38
 -135.00     0.00  0.24 28.91
 -130.00     0.00  0.13 33.53
 -125.00     0.00  0.00 31.13
 -120.00     0.00  0.00 29.28
 -115.00     0.00  0.00 14.38
 -110.00     0.00  0.00 12.48
 -105.00     0.00  0.00 14.10
 -100.00     0.00  0.00 15.35
  -95.00     0.00  0.00 10.18
  -90.00     0.00  0.00 14.25
  -85.00     0.00  2.59 34.41
  -80.00     0.00  2.32 33.68
  -75.00     0.00  2.87 34.13
  -70.00     0.00  0.06 29.94
  -65.00     0.00  0.00 10.28
  -60.00     0.00  0.00 13.31
  -55.00     0.00  0.00 10.54
  -50.00     0.00  0.00 10.01
  -45.00     0.00  0.00 11.00
  -40.00     0.00  0.00 12.83
  -35.00     0.00  0.00 11.87
  -30.00     0.00  0.00 10.23
  -25.00     0.00  0.00 12.18
  -20.00     0.00  0.00 12.41
  -15.00     0.00  0.00 12.49
  -10.00     0.00  0.00 12.60
   -5.00     0.00  0.00 11.53
    0.00     0.00  0.00 12.61
    5.00     0.00  0.00 14.93
   10.00     0.00  0.19 41.81
   15.00     0.00  0.27 38.73
   20.00     0.00  0.40 45.10
   25.00     0.00  0.32 37.68
   30.00     0.00  0.35 36.51
   35.00     0.00  1.04 34.92
   40.00     0.00  0.00 21.29
   45.00     0.00  0.11 29.98
   50.00     0.00  0.08 33.70
   55.00     0.00  0.00 31.86
   60.00     0.00  0.00 30.12
   65.00     0.00  0.00 14.87
   70.00     0.00  0.00 12.60
   75.00     0.00  0.00 14.10
   80.00     0.00  0.00 15.70
   85.00     0.00  0.00 10.14
   90.00     0.00  0.00 14.25
   95.00     0.00  2.58 34.42
  100.00     0.00  2.27 33.73
  105.00     0.00  2.83 34.17
  110.00     0.00  0.06 29.94
  115.00     0.00  0.00 11.34
  120.00     0.00  0.00 12.28
  125.00     0.00  0.00 10.15
  130.00     0.00  0.00 10.18
  135.00     0.00  0.00 11.28
  140.00     0.00  0.00 11.90
  145.00     0.00  0.00 11.82
  150.00     0.00  0.00 11.20
  155.00     0.00  0.00 12.22
  160.00     0.00  0.00 12.34
  165.00     0.00  0.00 12.30
  170.00     0.00  0.00 12.39
  175.00     0.00  0.00 11.10
  180.00     0.00  0.00 12.86
 -180.00     5.00  0.00 12.89
 -175.00     5.00  0.00 30.00
 -170.00     5.00  0.23 37.77
 -165.00     5.00  0.41 41.59
 -160.00     5.00  0.42 41.58
 -155.00     5.00  1.14 38.86
 -150.00     5.00  0.28 38.72
 -145.00     5.00  0.13 35.14
 -140.00     5.00  0.00 16.57
 -135.00     5.00  1.76 36.84
 -130.00     5.00  0.29 30.46
 -125.00     5.00  0.00 29.04
 -120.00     5.00  0.72 33.36
 -115.00     5.00  0.00 23.63
 -110.00     5.00  0.00 11.01
 -105.00     5.00  0.00 10.20
 -100.00     5.00  0.00 14.65
  -95.00     5.00  0.00 11.55
  -90.00     5.00  0.00 14.26
  -85.00     5.00  2.62 34.38
  -80.00     5.00  2.56 34.44
  -75.00     5.00  3.10 34.90
  -70.00     5.00  0.14 32.86
  -65.00     5.00  0.00 11.28
  -60.00     5.00  0.00 13.38
  -55.00     5.00  0.00 10.09
  -50.00     5.00  0.00 10.22
  -45.00     5.00  0.00 11.42
  -40.00     5.00  0.00 12.19
  -35.00     5.00  0.00 12.23
  -30.00     5.00  0.00 12.07
  -25.00     5.00  0.00 10.08
  -20.00     5.00  0.00 12.56
  -15.00     5.00  0.00 13.44
  -10.00     5.00  0.00 13.39
   -5.00     5.00  0.00 12.86
    0.00     5.00  0.00 12.49
    5.00     5.00  0.00 30.00
   10.00     5.00  0.18 37.82
   15.00     5.00  0.39 37.62
   20.00     5.00  0.42 41.58
   25.00     5.00  1.16 38.84
   30.00     5.00  0.30 38.18
   35.00     5.00  0.15 34.63
   40.00     5.00  0.00 16.06
   45.00     5.00  0.88 31.02
   50.00     5.00  0.31 31.97
   55.00     5.00  0.00 28.41
   60.00     5.00  0.05 32.06
   65.00     5.00  0.00 22.09
   70.00     5.00  0.00 10.91
   75.00     5.00  0.00 10.85
   80.00     5.00  0.00 13.25
   85.00     5.00  0.00 11.32
   90.00     5.00  0.00 14.26
   95.00     5.00  2.62 34.38
  100.00     5.00  2.52 34.48
  105.00     5.00  3.05 34.95
  110.00     5.00  0.10 30.90
  115.00     5.00  0.00 10.90
  120.00     5.00  0.00 13.39
  125.00     5.00  0.00 10.02
  130.00     5.00  0.00 10.22
  135.00     5.00  0.00 11.81
  140.00     5.00  0.00 12.02
  145.00     5.00  0.00 12.23
  150.00     5.00  0.00 12.01
  155.00     5.00  0.00 10.96
  160.00     5.00  0.00 12.16
  165.00     5.00  0.00 13.47
  170.00     5.00  0.00 12.46
  175.00     5.00  0.00 13.05
  180.00     5.00  0.00 12.99
 -180.00    10.00  0.41 35.59
 -175.00    10.00  0.54 39.96
 -170.00    10.00  0.31 38.69
 -165.00    10.00  0.36 41.63
 -160.00    10.00  0.41 38.59
 -155.00    10.00  0.87 41.13
 -150.00    10.00  0.64 37.36
 -145.00    10.00  0.00 29.81
 -140.00    10.00  0.00 14.83
 -135.00    10.00  0.19 36.69
 -130.00    10.00  0.46 29.77
 -125.00    10.00  0.00 32.84
 -120.00    10.00  0.16 34.39
 -115.00    10.00  0.15 38.03
 -110.00    10.00  0.00 13.41
 -105.00    10.00  0.00 12.00
 -100.00    10.00  0.17 27.05
  -95.00    10.00  0.00 11.49
  -90.00    10.00  0.00 14.26
  -85.00    10.00  2.65 34.34
  -80.00    10.00  2.73 34.27
  -75.00    10.00  3.31 34.69
  -70.00    10.00  0.25 32.80
  -65.00    10.00  0.00 11.30
  -60.00    10.00  0.00 12.24
  -55.00    10.00  0.00 11.92
  -50.00    10.00  0.00 10.57
  -45.00    10.00  0.00 11.79
  -40.00    10.00  0.00 11.76
  -35.00    10.00  0.00 13.06
  -30.00    10.00  0.00 12.74
  -25.00    10.00  0.00 13.39
  -20.00    10.00  0.00 20.00
  -15.00    10.00  0.00 13.41
  -10.00    10.00  0.00 11.96
   -5.00    10.00  0.00 17.00
    0.00    10.00  0.14 35.86
    5.00    10.00  0.48 37.52
   10.00    10.00  0.33 38.67
   15.00    10.00  0.44 41.56
   20.00    10.00  0.47 38.53
   25.00    10.00  0.97 41.03
   30.00    10.00  0.58 37.79
   35.00    10.00  0.03 30.28
   40.00    10.00  0.00 20.47
   45.00    10.00  0.47 33.52
   50.00    10.00  0.37 29.97
   55.00    10.00  0.00 30.32
   60.00    10.00  0.10 32.75
   65.00    10.00  0.00 34.55
   70.00    10.00  0.00 12.98
   75.00    10.00  0.00 11.85
   80.00    10.00  0.00 26.08
   85.00    10.00  0.00 11.57
   90.00    10.00  0.00 14.26
   95.00    10.00  2.65 34.35
  100.00    10.00  2.70 34.30
  105.00    10.00  3.27 34.73
  110.00    10.00  0.25 32.75
  115.00    10.00  0.00 11.48
  120.00    10.00  0.00 12.23
  125.00    10.00  0.00 11.67
  130.00    10.00  0.00 10.67
  135.00    10.00  0.00 11.66
  140.00    10.00  0.00 11.85
  145.00    10.00  0.00 13.11
  150.00    10.00  0.00 12.92
  155.00    10.00  0.00 12.61
  160.00    10.00  0.00 13.00
  165.00    10.00  0.00 13.19
  170.00    10.00  0.00 12.45
  175.00    10.00  0.00 15.27
  180.00    10.00  0.04 31.96
 -180.00    15.00  0.32 38.68
 -175.00    15.00  0.60 35.40
 -170.00    15.00  0.36 41.64
 -165.00    15.00  0.30 38.70
 -160.00    15.00  0.58 41.42
 -155.00    15.00  0.52 41.48
 -150.00    15.00  0.38 34.46
 -145.00    15.00  0.00 22.33
 -140.00    15.00  0.45 31.14
 -135.00    15.00  0.72 39.32
 -130.00    15.00  0.43 33.53
 -125.00    15.00  0.01 38.42
 -120.00    15.00  0.05 46.99
 -115.00    15.00  0.41 42.25
 -110.00    15.00  0.00 28.66
 -105.00    15.00  0.00 25.95
 -100.00    15.00  0.59 31.91
  -95.00    15.00  0.00 11.63
  -90.00    15.00  0.00 14.27
  -85.00    15.00  2.68 34.32
  -80.00    15.00  2.88 35.12
  -75.00    15.00  3.46 35.54
  -70.00    15.00  0.31 32.69
  -65.00    15.00  0.00 10.58
  -60.00    15.00  0.00 12.51
  -55.00    15.00  0.00 12.00
  -50.00    15.00  0.00 10.69
  -45.00    15.00  0.00 11.87
  -40.00    15.00  0.00 11.47
  -35.00    15.00  0.00 12.62
  -30.00    15.00  0.00 27.00
  -25.00    15.00  0.77 35.23
  -20.00    15.00  1.13 34.87
  -15.00    15.00  1.22 41.78
  -10.00    15.00  1.32 37.68
   -5.00    15.00  0.71 40.29
    0.00    15.00  0.36 41.64
    5.00    15.00  0.61 35.38
   10.00    15.00  0.38 42.62
   15.00    15.00  0.33 40.67
   20.00    15.00  0.53 41.47
   25.00    15.00  0.58 41.42
   30.00    15.00  0.32 34.92
   35.00    15.00  0.00 26.58
   40.00    15.00  0.00 22.39
   45.00    15.00  0.54 40.38
   50.00    15.00  0.51 33.63
   55.00    15.00  0.00 34.12
   60.00    15.00  0.10 45.18
   65.00    15.00  0.47 41.72
   70.00    15.00  0.00 24.15
   75.00    15.00  0.00 19.40
   80.00    15.00  0.17 31.93
   85.00    15.00  0.00 11.67
   90.00    15.00  0.00 14.27
   95.00    15.00  2.68 34.32
  100.00    15.00  2.84 34.16
  105.00    15.00  3.43 35.57
  110.00    15.00  0.22 32.78
  115.00    15.00  0.00 10.41
  120.00    15.00  0.00 12.51
  125.00    15.00  0.00 12.06
  130.00    15.00  0.00 10.54
  135.00    15.00  0.00 11.81
  140.00    15.00  0.00 10.42
  145.00    15.00  0.00 12.75
  150.00    15.00  0.00 21.00
  155.00    15.00  0.00 29.00
  160.00    15.00  0.77 35.23
  165.00    15.00  1.30 41.70
  170.00    15.00  0.76 35.24
  175.00    15.00  0.46 40.54
  180.00    15.00  0.46 40.54
 -180.00    20.00  0.39 41.61
 -175.00    20.00  0.49 42.51
 -170.00    20.00  0.44 38.56
 -165.00    20.00  0.79 38.21
 -160.00    20.00  0.57 38.43
 -155.00    20.00  0.37 38.63
 -150.00    20.00  0.03 37.65
 -145.00    20.00  0.00 23.10
 -140.00    20.00  0.81 36.06
 -135.00    20.00  0.30 31.55
 -130.00    20.00  0.39 35.82
 -125.00    20.00  0.05 44.23
 -120.00    20.00  0.00 42.31
 -115.00    20.00  0.00 44.60
 -110.00    20.00  0.60 38.25
 -105.00    20.00  0.00 29.33
 -100.00    20.00  0.17 32.84
  -95.00    20.00  0.00 11.65
  -90.00    20.00  0.00 14.27
  -85.00    20.00  2.71 34.30
  -80.00    20.00  3.03 34.97
  -75.00    20.00  3.56 37.44
  -70.00    20.00  0.11 32.89
  -65.00    20.00  0.00 12.84
  -60.00    20.00  0.00 13.13
  -55.00    20.00  0.00 11.35
  -50.00    20.00  0.00 11.33
  -45.00    20.00  0.00 11.61
  -40.00    20.00  0.00 12.01
  -35.00    20.00  0.00 29.00
  -30.00    20.00  0.96 40.24
  -25.00    20.00  0.98 41.02
  -20.00    20.00  1.13 41.87
  -15.00    20.00  1.18 44.82
  -10.00    20.00  1.17 37.83
   -5.00    20.00  0.55 38.45
    0.00    20.00  0.36 41.64
    5.00    20.00  0.45 42.55
   10.00    20.00  0.41 38.59
   15.00    20.00  0.46 38.54
   20.00    20.00  0.50 38.50
   25.00    20.00  0.45 40.55
   30.00    20.00  0.04 37.19
   35.00    20.00  0.00 21.25
   40.00    20.00  0.32 34.71
   45.00    20.00  0.20 29.81
   50.00    20.00  0.62 35.21
   55.00    20.00  0.05 43.49
   60.00    20.00  0.00 43.31
   65.00    20.00  0.16 44.73
   70.00    20.00  0.54 37.86
   75.00    20.00  0.00 29.73
   80.00    20.00  0.13 32.87
   85.00    20.00  0.00 11.67
   90.00    20.00  0.00 14.27
   95.00    20.00  2.70 34.30
  100.00    20.00  3.00 35.00
  105.00    20.00  3.55 37.45
  110.00    20.00  0.11 32.89
  115.00    20.00  0.00 12.93
  120.00    20.00  0.00 13.20
  125.00    20.00  0.00 11.21
  130.00    20.00  0.00 10.98
  135.00    20.00  0.00 11.09
  140.00    20.00  0.00 12.07
  145.00    20.00  0.00 28.00
  150.00    20.00  0.86 41.14
  155.00    20.00  1.03 40.97
  160.00    20.00  1.26 36.74
  165.00    20.00  1.23 41.77
  170.00    20.00  1.28 37.72
  175.00    20.00  0.67 37.33
  180.00    20.00  0.34 40.66
 -180.00    25.00  0.57 37.43
 -175.00    25.00  0.66 36.34
 -170.00    25.00  0.46 37.55
 -165.00    25.00  0.79 36.21
 -160.00    25.00  0.58 35.41
 -155.00    25.00  0.66 33.34
 -150.00    25.00  0.04 29.63
 -145.00    25.00  0.00 23.77
 -140.00    25.00  0.17 32.09
 -135.00    25.00  0.07 35.28
 -130.00    25.00  0.30 41.54
 -125.00    25.00  0.18 46.09
 -120.00    25.00  0.03 41.49
 -115.00    25.00  0.12 47.85
 -110.00    25.00  0.33 43.24
 -105.00    25.00  0.00 33.54
 -100.00    25.00  0.00 33.10
  -95.00    25.00  0.00 11.66
  -90.00    25.00  0.00 14.28
  -85.00    25.00  2.76 34.24
  -80.00    25.00  3.19 34.81
  -75.00    25.00  3.62 36.38
  -70.00    25.00  0.00 33.00
  -65.00    25.00  0.00 12.83
  -60.00    25.00  0.00 13.31
  -55.00    25.00  0.00 12.01
  -50.00    25.00  0.00 11.50
  -45.00    25.00  0.00 12.48
  -40.00    25.00  0.00 10.63
  -35.00    25.00  0.00 13.10
  -30.00    25.00  1.39 35.01
  -25.00    25.00  1.27 40.58
  -20.00    25.00  0.91 47.09
  -15.00    25.00  1.15 41.85
  -10.00    25.00  1.32 41.68
   -5.00    25.00  0.64 41.36
    0.00    25.00  0.47 37.53
    5.00    25.00  0.62 36.38
   10.00    25.00  0.55 35.45
   15.00    25.00  0.99 36.01
   20.00    25.00  0.58 35.42
   25.00    25.00  0.65 34.35
   30.00    25.00  0.10 30.70
   35.00    25.00  0.00 26.68
   40.00    25.00  0.00 29.79
   45.00    25.00  0.16 33.60
   50.00    25.00  0.34 40.17
   55.00    25.00  0.17 50.03
   60.00    25.00  0.01 42.09
   65.00    25.00  0.07 46.37
   70.00    25.00  0.33 44.34
   75.00    25.00  0.00 31.50
   80.00    25.00  0.14 32.91
   85.00    25.00  0.00 11.64
   90.00    25.00  0.00 14.28
   95.00    25.00  2.74 34.26
  100.00    25.00  3.16 34.84
  105.00    25.00  3.62 37.38
  110.00    25.00  0.00 33.00
  115.00    25.00  0.00 12.79
  120.00    25.00  0.00 13.30
  125.00    25.00  0.00 11.55
  130.00    25.00  0.00 11.68
  135.00    25.00  0.00 12.31
  140.00    25.00  0.00 10.49
  145.00    25.00  0.00 16.00
  150.00    25.00  1.33 44.67
  155.00    25.00  1.12 38.48
  160.00    25.00  0.93 44.07
  165.00    25.00  1.14 41.86
  170.00    25.00  1.15 41.85
  175.00    25.00  0.68 41.32
  180.00    25.00  0.46 41.54
 -180.00    30.00  1.13 36.87
 -175.00    30.00  0.65 37.35
 -170.00    30.00  0.40 38.60
 -165.00    30.00  0.42 34.58
 -160.00    30.00  0.35 34.65
 -155.00    30.00  0.41 33.51
 -150.00    30.00  0.29 32.44
 -145.00    30.00  0.00 27.80
 -140.00    30.00  0.94 37.38
 -135.00    30.00  0.00 32.00
 -130.00    30.00  0.14 43.68
 -125.00    30.00  0.20 44.39
 -120.00    30.00  0.05 44.74
 -115.00    30.00  0.17 40.38
 -110.00    30.00  0.12 39.73
 -105.00    30.00  0.00 31.00
 -100.00    30.00  0.00 33.50
  -95.00    30.00  0.00 11.77
  -90.00    30.00  0.00 14.28
  -85.00    30.00  2.88 34.12
  -80.00    30.00  3.33 35.67
  -75.00    30.00  3.56 36.45
  -70.00    30.00  0.52 32.48
  -65.00    30.00  0.00 13.68
  -60.00    30.00  0.00 14.34
  -55.00    30.00  0.00 12.53
  -50.00    30.00  0.00 11.59
  -45.00    30.00  0.00 12.04
  -40.00    30.00  0.00 12.71
  -35.00    30.00  0.00 13.50
  -30.00    30.00  0.00 30.00
  -25.00    30.00  1.45 41.55
  -20.00    30.00  0.86 37.14
  -15.00    30.00  0.54 42.46
  -10.00    30.00  1.27 37.73
   -5.00    30.00  1.25 39.50
    0.00    30.00  1.41 31.21
    5.00    30.00  0.79 37.21
   10.00    30.00  0.40 38.60
   15.00    30.00  0.48 35.52
   20.00    30.00  0.25 34.75
   25.00    30.00  0.17 33.73
   30.00    30.00  0.11 32.22
   35.00    30.00  0.00 28.26
   40.00    30.00  1.07 36.85
   45.00    30.00  0.00 33.15
   50.00    30.00  0.19 45.17
   55.00    30.00  0.19 44.29
   60.00    30.00  0.06 44.60
   65.00    30.00  0.21 43.40
   70.00    30.00  0.12 40.72
   75.00    30.00  0.00 31.17
   80.00    30.00  0.00 33.40
   85.00    30.00  0.00 11.75
   90.00    30.00  0.00 14.28
   95.00    30.00  2.85 34.15
  100.00    30.00  3.30 34.70
  105.00    30.00  3.57 36.43
  110.00    30.00  0.34 32.66
  115.00    30.00  0.00 13.72
  120.00    30.00  0.00 14.33
  125.00    30.00  0.00 12.53
  130.00    30.00  0.00 11.36
  135.00    30.00  0.00 12.34
  140.00    30.00  0.00 12.46
  145.00    30.00  0.00 13.51
  150.00    30.00  1.25 37.75
  155.00    30.00  1.41 41.89
  160.00    30.00  1.08 36.16
  165.00    30.00  0.75 42.25
  170.00    30.00  1.27 41.73
  175.00    30.00  0.92 42.58
  180.00    30.00  1.36 33.64
 -180.00    35.00  2.26 31.74
 -175.00    35.00  0.58 39.42
 -170.00    35.00  1.59 34.24
 -165.00    35.00  0.62 34.38
 -160.00    35.00  0.76 26.60
 -155.00    35.00  0.00 18.04
 -150.00    35.00  0.91 33.46
 -145.00    35.00  0.90 32.34
 -140.00    35.00  1.50 36.10
 -135.00    35.00  0.00 32.93
 -130.00    35.00  0.14 40.68
 -125.00    35.00  0.20 46.54
 -120.00    35.00  0.14 40.80
 -115.00    35.00  0.00 40.49
 -110.00    35.00  0.00 37.28
 -105.00    35.00  0.00 34.27
 -100.00    35.00  0.00 33.50
  -95.00    35.00  0.00 12.82
  -90.00    35.00  0.00 14.28
  -85.00    35.00  3.01 34.99
  -80.00    35.00  3.47 36.53
  -75.00    35.00  3.55 37.45
  -70.00    35.00  1.36 33.64
  -65.00    35.00  0.00 13.41
  -60.00    35.00  0.00 13.22
  -55.00    35.00  0.00 12.27
  -50.00    35.00  0.00 11.91
  -45.00    35.00  0.00  9.57
  -40.00    35.00  0.00 11.96
  -35.00    35.00  0.00 12.01
  -30.00    35.00  0.00 19.00
  -25.00    35.00  0.00 24.00
  -20.00    35.00  0.00 30.00
  -15.00    35.00  0.76 41.24
  -10.00    35.00  0.94 39.06
   -5.00    35.00  1.15 38.48
    0.00    35.00  2.12 32.80
    5.00    35.00  0.58 37.42
   10.00    35.00  1.46 34.54
   15.00    35.00  0.53 34.47
   20.00    35.00  0.56 31.50
   25.00    35.00  0.00 19.21
   30.00    35.00  0.97 32.63
   35.00    35.00  0.00 29.92
   40.00    35.00  1.28 34.87
   45.00    35.00  0.00 34.27
   50.00    35.00  0.14 39.36
   55.00    35.00  0.19 43.29
   60.00    35.00  0.17 42.44
   65.00    35.00  0.01 39.79
   70.00    35.00  0.00 37.55
   75.00    35.00  0.00 33.47
   80.00    35.00  0.00 33.60
   85.00    35.00  0.00 12.82
   90.00    35.00  0.00 14.28
   95.00    35.00  2.98 35.02
  100.00    35.00  3.44 36.56
  105.00    35.00  3.54 37.46
  110.00    35.00  1.24 33.76
  115.00    35.00  0.00 15.97
  120.00    35.00  0.00 13.20
  125.00    35.00  0.00 12.44
  130.00    35.00  0.00 11.89
  135.00    35.00  0.00  9.83
  140.00    35.00  0.00 12.03
  145.00    35.00  0.00 11.43
  150.00    35.00  0.00 17.00
  155.00    35.00  0.00 28.00
  160.00    35.00  0.04 37.96
  165.00    35.00  0.71 41.29
  170.00    35.00  0.81 35.19
  175.00    35.00  1.31 36.69
  180.00    35.00  1.17 34.83
 -180.00    40.00  0.04 31.96
 -175.00    40.00  0.48 34.52
 -170.00    40.00  1.45 33.24
 -165.00    40.00  0.04 15.60
 -160.00    40.00  0.64 37.35
 -155.00    40.00  0.96 34.68
 -150.00    40.00  0.65 36.50
 -145.00    40.00  0.26 33.78
 -140.00    40.00  2.06 42.61
 -135.00    40.00  0.53 42.54
 -130.00    40.00  0.14 45.02
 -125.00    40.00  0.12 43.45
 -120.00    40.00  0.16 38.48
 -115.00    40.00  0.07 37.92
 -110.00    40.00  0.00 35.17
 -105.00    40.00  0.00 36.84
 -100.00    40.00  0.00 33.65
  -95.00    40.00  0.00 12.81
  -90.00    40.00  0.00 14.28
  -85.00    40.00  3.14 35.86
  -80.00    40.00  3.58 37.42
  -75.00    40.00  3.61 35.39
  -70.00    40.00  1.42 33.58
  -65.00    40.00  0.00 13.49
  -60.00    40.00  0.00 13.22
  -55.00    40.00  0.00 11.79
  -50.00    40.00  0.00 11.77
  -45.00    40.00  0.00  9.00
  -40.00    40.00  0.00 10.37
  -35.00    40.00  0.00 13.08
  -30.00    40.00  0.00 13.78
  -25.00    40.00  0.00 13.12
  -20.00    40.00  0.00 16.00
  -15.00    40.00  0.00 30.00
  -10.00    40.00  0.00 30.00
   -5.00    40.00  0.00 21.00
    0.00    40.00  0.12 34.88
    5.00    40.00  0.92 36.09
   10.00    40.00  0.98 28.97
   15.00    40.00  0.11 18.69
   20.00    40.00  0.00 20.51
   25.00    40.00  0.85 34.13
   30.00    40.00  0.72 36.36
   35.00    40.00  0.29 33.92
   40.00    40.00  1.91 42.49
   45.00    40.00  0.48 41.73
   50.00    40.00  0.15 45.45
   55.00    40.00  0.11 43.97
   60.00    40.00  0.15 38.99
   65.00    40.00  0.04 37.83
   70.00    40.00  0.00 35.23
   75.00    40.00  0.00 37.12
   80.00    40.00  0.00 33.55
   85.00    40.00  0.00 12.82
   90.00    40.00  0.00 14.28
   95.00    40.00  3.12 35.88
  100.00    40.00  3.56 37.44
  105.00    40.00  3.61 36.39
  110.00    40.00  1.12 33.88
  115.00    40.00  0.00 13.64
  120.00    40.00  0.00 13.24
  125.00    40.00  0.00 11.72
  130.00    40.00  0.00 11.98
  135.00    40.00  0.00  9.08
  140.00    40.00  0.00 10.89
  145.00    40.00  0.00 13.16
  150.00    40.00  0.00 13.94
  155.00    40.00  0.00 12.99
  160.00    40.00  0.00 16.00
  165.00    40.00  0.21 37.79
  170.00    40.00  0.33 36.67
  175.00    40.00  0.00 30.00
  180.00    40.00  0.23 35.10
 -180.00    45.00  0.00 14.40
 -175.00    45.00  0.17 31.84
 -170.00    45.00  0.86 31.62
 -165.00    45.00  1.25 23.46
 -160.00    45.00  0.65 42.08
 -155.00    45.00  0.71 41.01
 -150.00    45.00  0.24 37.83
 -145.00    45.00  1.56 42.57
 -140.00    45.00  1.51 43.74
 -135.00    45.00 -0.02 39.42
 -130.00    45.00  0.02 29.92
 -125.00    45.00  0.17 44.89
 -120.00    45.00  0.18 39.81
 -115.00    45.00  0.10 35.44
 -110.00    45.00  0.00 39.83
 -105.00    45.00  0.00 31.16
 -100.00    45.00  0.00 33.60
  -95.00    45.00  0.00 14.76
  -90.00    45.00  0.00 14.28
  -85.00    45.00  3.22 36.78
  -80.00    45.00  3.70 36.30
  -75.00    45.00  3.55 34.45
  -70.00    45.00  2.40 33.60
  -65.00    45.00  0.00 13.38
  -60.00    45.00  0.00 13.22
  -55.00    45.00  0.00 11.62
  -50.00    45.00  0.00 12.06
  -45.00    45.00  0.00  9.50
  -40.00    45.00  0.00  9.91
  -35.00    45.00  0.00 15.00
  -30.00    45.00  0.00 20.00
  -25.00    45.00  0.03 29.97
  -20.00    45.00  0.40 34.60
  -15.00    45.00  0.00 23.00
  -10.00    45.00  0.00 12.79
   -5.00    45.00  0.00 12.51
    0.00    45.00  0.00 15.00
    5.00    45.00  0.27 32.73
   10.00    45.00  1.08 28.95
   15.00    45.00  1.73 24.86
   20.00    45.00  0.78 42.77
   25.00    45.00  0.73 39.49
   30.00    45.00  0.29 37.68
   35.00    45.00  0.47 40.68
   40.00    45.00  1.77 45.00
   45.00    45.00  0.03 40.10
   50.00    45.00  0.04 38.81
   55.00    45.00  0.18 45.55
   60.00    45.00  0.18 39.54
   65.00    45.00  0.09 35.31
   70.00    45.00  0.00 38.82
   75.00    45.00  0.00 33.74
   80.00    45.00  0.00 33.60
   85.00    45.00  0.00 14.77
   90.00    45.00  0.00 14.28
   95.00    45.00  3.20 36.80
  100.00    45.00  3.68 36.32
  105.00    45.00  3.57 34.43
  110.00    45.00  2.27 32.73
  115.00    45.00  0.00 13.76
  120.00    45.00  0.00 13.23
  125.00    45.00  0.00 11.58
  130.00    45.00  0.00 12.03
  135.00    45.00  0.00  9.50
  140.00    45.00  0.00  9.82
  145.00    45.00  0.00 16.00
  150.00    45.00  0.00 18.00
  155.00    45.00  0.00 28.00
  160.00    45.00  0.10 31.90
  165.00    45.00  0.00 21.00
  170.00    45.00  0.00 12.61
  175.00    45.00  0.00 14.35
  180.00    45.00  0.00 16.42
 -180.00    50.00  0.00 13.01
 -175.00    50.00  0.00 13.99
 -170.00    50.00  0.00 26.02
 -165.00    50.00  0.00 10.38
 -160.00    50.00  0.23 36.87
 -155.00    50.00  0.01 39.42
 -150.00    50.00  0.87 43.06
 -145.00    50.00  0.92 42.32
 -140.00    50.00  0.00 42.83
 -135.00    50.00  0.05 39.49
 -130.00    50.00  0.00 35.96
 -125.00    50.00  0.16 41.20
 -120.00    50.00  0.19 40.41
 -115.00    50.00  0.20 34.99
 -110.00    50.00  0.00 43.52
 -105.00    50.00  0.00 35.20
 -100.00    50.00  0.00 34.80
  -95.00    50.00  0.00 14.74
  -90.00    50.00  0.00 14.28
  -85.00    50.00  3.27 37.73
  -80.00    50.00  3.76 34.24
  -75.00    50.00  3.36 34.64
  -70.00    50.00  2.65 34.35
  -65.00    50.00  0.00 20.00
  -60.00    50.00  0.00 13.20
  -55.00    50.00  0.00 12.04
  -50.00    50.00  0.00 11.49
  -45.00    50.00  0.00 10.50
  -40.00    50.00  0.00 10.70
  -35.00    50.00  0.00 10.92
  -30.00    50.00  0.00 11.82
  -25.00    50.00  0.00 12.06
  -20.00    50.00  0.00 12.65
  -15.00    50.00  0.00 24.00
  -10.00    50.00  0.00 10.51
   -5.00    50.00  0.00 12.90
    0.00    50.00  0.00 13.05
    5.00    50.00  0.00 17.31
   10.00    50.00  0.24 29.54
   15.00    50.00  0.00 13.86
   20.00    50.00  0.27 37.92
   25.00    50.00  0.12 39.13
   30.00    50.00  0.05 41.47
   35.00    50.00  1.53 44.42
   40.00    50.00  0.00 46.89
   45.00    50.00  0.00 38.83
   50.00    50.00  0.00 37.60
   55.00    50.00  0.12 43.18
   60.00    50.00  0.18 40.38
   65.00    50.00  0.25 34.85
   70.00    50.00  0.00 43.55
   75.00    50.00  0.00 34.52
   80.00    50.00  0.00 34.70
   85.00    50.00  0.00 14.74
   90.00    50.00  0.00 14.28
   95.00    50.00  3.26 36.74
  100.00    50.00  3.75 35.25
  105.00    50.00  3.40 34.60
  110.00    50.00  2.58 34.42
  115.00    50.00  0.00 16.95
  120.00    50.00  0.00 13.22
  125.00    50.00  0.00 12.05
  130.00    50.00  0.00 11.24
  135.00    50.00  0.00 10.50
  140.00    50.00  0.00 10.75
  145.00    50.00  0.00 10.88
  150.00    50.00  0.00 11.68
  155.00    50.00  0.00 11.89
  160.00    50.00  0.00 11.71
  165.00    50.00  0.56 32.44
  170.00    50.00  0.00 11.51
  175.00    50.00  0.00 12.53
  180.00    50.00  0.00 12.93
 -180.00    55.00  0.00 11.57
 -175.00    55.00  0.00 11.81
 -170.00    55.00  0.00 10.91
 -165.00    55.00  0.00  9.80
 -160.00    55.00  0.15 24.41
 -155.00    55.00  0.21 40.45
 -150.00    55.00  2.40 43.29
 -145.00    55.00  0.78 42.45
 -140.00    55.00  0.05 39.62
 -135.00    55.00  0.15 39.74
 -130.00    55.00  0.25 41.20
 -125.00    55.00  0.17 40.00
 -120.00    55.00  0.15 40.87
 -115.00    55.00  0.13 41.91
 -110.00    55.00  0.00 41.00
 -105.00    55.00  0.32 44.08
 -100.00    55.00  0.00 33.60
  -95.00    55.00  0.00 14.69
  -90.00    55.00  0.00 14.28
  -85.00    55.00  3.30 37.70
  -80.00    55.00  3.77 34.23
  -75.00    55.00  2.96 35.04
  -70.00    55.00  2.94 34.06
  -65.00    55.00  0.00 21.00
  -60.00    55.00  0.00 14.04
  -55.00    55.00  0.00 11.41
  -50.00    55.00  0.00 11.29
  -45.00    55.00  0.00 12.10
  -40.00    55.00  0.00 11.61
  -35.00    55.00  0.00 10.32
  -30.00    55.00  0.00 11.51
  -25.00    55.00  0.00 12.05
  -20.00    55.00  0.00 16.00
  -15.00    55.00  0.00 11.42
  -10.00    55.00  0.00 10.98
   -5.00    55.00  0.00 18.00
    0.00    55.00  0.00 11.09
    5.00    55.00  0.00 11.86
   10.00    55.00  0.00 12.18
   15.00    55.00  0.00  9.58
   20.00    55.00  0.15 30.31
   25.00    55.00  0.20 38.80
   30.00    55.00  1.88 45.49
   35.00    55.00  0.73 40.42
   40.00    55.00  0.09 40.52
   45.00    55.00  0.12 39.75
   50.00    55.00  0.18 39.54
   55.00    55.00  0.16 39.80
   60.00    55.00  0.18 40.07
   65.00    55.00  0.13 39.98
   70.00    55.00  0.00 41.07
   75.00    55.00  0.01 44.89
   80.00    55.00  0.00 33.50
   85.00    55.00  0.00 14.69
   90.00    55.00  0.00 14.28
   95.00    55.00  3.29 37.71
  100.00    55.00  3.77 34.23
  105.00    55.00  3.05 34.95
  110.00    55.00  2.90 34.10
  115.00    55.00  0.00 23.00
  120.00    55.00  0.00 13.11
  125.00    55.00  0.00 12.03
  130.00    55.00  0.00 11.28
  135.00    55.00  0.00 11.79
  140.00    55.00  0.00 11.35
  145.00    55.00  0.00 10.39
  150.00    55.00  0.00 11.27
  155.00    55.00  0.00 11.99
  160.00    55.00  0.00 11.03
  165.00    55.00  0.00 11.42
  170.00    55.00  0.00 11.24
  175.00    55.00  0.00 11.15
  180.00    55.00  0.00 12.67
 -180.00    60.00  0.00 11.53
 -175.00    60.00  0.00 10.63
 -170.00    60.00  0.00 11.23
 -165.00    60.00  0.00 13.13
 -160.00    60.00  0.00 12.63
 -155.00    60.00  0.00 21.38
 -150.00    60.00  0.86 40.68
 -145.00    60.00  0.98 42.99
 -140.00    60.00  0.18 44.58
 -135.00    60.00  0.06 36.50
 -130.00    60.00  0.19 44.45
 -125.00    60.00  0.22 44.98
 -120.00    60.00  0.10 47.92
 -115.00    60.00  0.14 52.49
 -110.00    60.00  0.08 39.19
 -105.00    60.00  0.00 39.30
 -100.00    60.00  0.00 35.50
  -95.00    60.00  0.00 15.63
  -90.00    60.00  0.00 14.27
  -85.00    60.00  3.32 37.68
  -80.00    60.00  3.80 34.20
  -75.00    60.00  2.48 35.52
  -70.00    60.00  2.64 34.36
  -65.00    60.00  0.00 14.58
  -60.00    60.00  0.00 12.81
  -55.00    60.00  0.00 11.69
  -50.00    60.00  0.00 11.54
  -45.00    60.00  0.00 11.71
  -40.00    60.00  0.00 12.32
  -35.00    60.00  0.00 11.90
  -30.00    60.00  0.00 10.81
  -25.00    60.00  0.00 12.01
  -20.00    60.00  0.00 10.90
  -15.00    60.00  0.00 21.00
  -10.00    60.00  0.00 21.00
   -5.00    60.00  0.00 11.01
    0.00    60.00  0.00 11.58
    5.00    60.00  0.00 10.99
   10.00    60.00  0.00 11.07
   15.00    60.00  0.00 13.18
   20.00    60.00  0.00 11.31
   25.00    60.00  0.00 12.06
   30.00    60.00  1.58 39.16
   35.00    60.00  0.98 43.47
   40.00    60.00  0.16 41.61
   45.00    60.00  0.04 36.46
   50.00    60.00  0.22 45.14
   55.00    60.00  0.33 45.74
   60.00    60.00  0.15 49.09
   65.00    60.00  0.34 53.66
   70.00    60.00  0.01 39.39
   75.00    60.00  0.00 39.20
   80.00    60.00  0.00 35.40
   85.00    60.00  0.00 15.63
   90.00    60.00  0.00 14.27
   95.00    60.00  3.32 37.68
  100.00    60.00  3.79 34.21
  105.00    60.00  2.60 35.40
  110.00    60.00  2.71 34.28
  115.00    60.00  0.00 13.59
  120.00    60.00  0.00 12.87
  125.00    60.00  0.00 11.76
  130.00    60.00  0.00 11.61
  135.00    60.00  0.00 11.68
  140.00    60.00  0.00 12.23
  145.00    60.00  0.00 12.07
  150.00    60.00  0.00 10.69
  155.00    60.00  0.00 12.15
  160.00    60.00  0.00 11.13
  165.00    60.00  0.00 15.00
  170.00    60.00  0.00 16.00
  175.00    60.00  0.00 11.04
  180.00    60.00  0.00 11.58
 -180.00    65.00  0.00 10.23
 -175.00    65.00  0.00 10.80
 -170.00    65.00  0.00 12.42
 -165.00    65.00  0.00 13.95
 -160.00    65.00  0.00 12.97
 -155.00    65.00  0.00 31.50
 -150.00    65.00  1.79 39.99
 -145.00    65.00  3.10 39.62
 -140.00    65.00  0.66 43.20
 -135.00    65.00  0.14 39.08
 -130.00    65.00  0.33 43.73
 -125.00    65.00  0.15 42.88
 -120.00    65.00  0.05 38.35
 -115.00    65.00  0.04 40.06
 -110.00    65.00  0.00 39.60
 -105.00    65.00  0.00 34.53
 -100.00    65.00  0.00 35.05
  -95.00    65.00  0.00 15.60
  -90.00    65.00  0.00 14.27
  -85.00    65.00  3.34 36.66
  -80.00    65.00  3.86 36.14
  -75.00    65.00  2.10 33.91
  -70.00    65.00  1.44 33.61
  -65.00    65.00  0.00 15.99
  -60.00    65.00  0.00 13.51
  -55.00    65.00  0.00 10.91
  -50.00    65.00  0.00 10.09
  -45.00    65.00  0.00 12.21
  -40.00    65.00  0.00 11.60
  -35.00    65.00  0.00 11.47
  -30.00    65.00  0.00 11.62
  -25.00    65.00  0.00 11.40
  -20.00    65.00  0.00 10.01
  -15.00    65.00  0.00 10.25
  -10.00    65.00  0.00 10.66
   -5.00    65.00  0.00 10.89
    0.00    65.00  0.00 10.80
    5.00    65.00  0.00 10.83
   10.00    65.00  0.00 12.47
   15.00    65.00  0.00 13.93
   20.00    65.00  0.00 13.07
   25.00    65.00  0.00 30.00
   30.00    65.00  0.94 41.32
   35.00    65.00  2.79 39.13
   40.00    65.00  0.38 41.87
   45.00    65.00  0.13 38.18
   50.00    65.00  0.21 44.31
   55.00    65.00  0.15 42.56
   60.00    65.00  0.07 39.88
   65.00    65.00  0.02 40.76
   70.00    65.00  0.00 39.80
   75.00    65.00  0.00 36.37
   80.00    65.00  0.00 35.15
   85.00    65.00  0.00 15.61
   90.00    65.00  0.00 14.27
   95.00    65.00  3.34 36.66
  100.00    65.00  3.85 35.15
  105.00    65.00  2.15 34.85
  110.00    65.00  1.80 34.20
  115.00    65.00  0.00 13.87
  120.00    65.00  0.00 12.52
  125.00    65.00  0.00 11.83
  130.00    65.00  0.00 10.09
  135.00    65.00  0.00 12.49
  140.00    65.00  0.00 11.95
  145.00    65.00  0.00 11.41
  150.00    65.00  0.00 11.75
  155.00    65.00  0.00 11.45
  160.00    65.00  0.00 10.16
  165.00    65.00  0.00 10.39
  170.00    65.00  0.00 10.79
  175.00    65.00  0.00 11.00
  180.00    65.00  0.00 11.05
 -180.00    70.00  0.00 10.97
 -175.00    70.00  0.00 10.92
 -170.00    70.00  0.00 10.26
 -165.00    70.00  0.00 10.06
 -160.00    70.00  0.00 26.24
 -155.00    70.00  0.04 33.82
 -150.00    70.00  0.11 40.15
 -145.00    70.00  0.91 49.21
 -140.00    70.00  3.30 49.31
 -135.00    70.00  0.32 42.94
 -130.00    70.00  0.47 45.47
 -125.00    70.00  0.11 38.42
 -120.00    70.00  0.08 36.76
 -115.00    70.00  0.08 39.98
 -110.00    70.00  0.01 37.05
 -105.00    70.00  0.00 34.30
 -100.00    70.00  0.00 32.80
  -95.00    70.00  0.00 15.59
  -90.00    70.00  0.00 14.26
  -85.00    70.00  3.35 36.66
  -80.00    70.00  3.93 37.07
  -75.00    70.00  2.16 33.84
  -70.00    70.00  0.09 29.98
  -65.00    70.00  0.00 15.99
  -60.00    70.00  0.00 12.25
  -55.00    70.00  0.00 11.82
  -50.00    70.00  0.00 18.00
  -45.00    70.00  0.00 11.50
  -40.00    70.00  0.00 11.22
  -35.00    70.00  0.00 11.34
  -30.00    70.00  0.00 11.25
  -25.00    70.00  0.00 10.05
  -20.00    70.00  0.00 10.40
  -15.00    70.00  0.00 11.17
  -10.00    70.00  0.00 10.29
   -5.00    70.00  0.00 10.74
    0.00    70.00  0.00 10.89
    5.00    70.00  0.00 10.96
   10.00    70.00  0.00 11.25
   15.00    70.00  0.00 11.08
   20.00    70.00  0.00 21.19
   25.00    70.00  0.04 32.91
   30.00    70.00  0.16 41.01
   35.00    70.00  1.41 46.17
   40.00    70.00  2.85 49.38
   45.00    70.00  0.31 42.32
   50.00    70.00  0.44 44.95
   55.00    70.00  0.13 40.91
   60.00    70.00  0.07 35.99
   65.00    70.00  0.10 39.43
   70.00    70.00  0.03 37.14
   75.00    70.00  0.00 33.87
   80.00    70.00  0.00 33.10
   85.00    70.00  0.00 15.58
   90.00    70.00  0.00 14.26
   95.00    70.00  3.35 36.66
  100.00    70.00  3.92 37.09
  105.00    70.00  2.11 33.89
  110.00    70.00  0.09 29.98
  115.00    70.00  0.00 16.98
  120.00    70.00  0.00 12.39
  125.00    70.00  0.00 11.86
  130.00    70.00  0.00 18.00
  135.00    70.00  0.00 11.43
  140.00    70.00  0.00 11.26
  145.00    70.00  0.00 11.34
  150.00    70.00  0.00 11.38
  155.00    70.00  0.00 10.20
  160.00    70.00  0.00  9.99
  165.00    70.00  0.00 10.78
  170.00    70.00  0.00 10.70
  175.00    70.00  0.00 10.54
  180.00    70.00  0.00 10.70
 -180.00    75.00  0.00 12.59
 -175.00    75.00  0.00 10.15
 -170.00    75.00  0.08 39.77
 -165.00    75.00  0.62 40.47
 -160.00    75.00  0.45 36.10
 -155.00    75.00  0.35 43.65
 -150.00    75.00  0.23 51.27
 -145.00    75.00  4.31 62.19
 -140.00    75.00  1.32 49.19
 -135.00    75.00  0.45 43.00
 -130.00    75.00  0.82 49.43
 -125.00    75.00  0.10 37.40
 -120.00    75.00  0.09 36.91
 -115.00    75.00  0.05 38.95
 -110.00    75.00  0.03 37.97
 -105.00    75.00  0.00 31.00
 -100.00    75.00  0.00 31.00
  -95.00    75.00  0.00 14.64
  -90.00    75.00  0.00 14.25
  -85.00    75.00  3.33 36.67
  -80.00    75.00  4.05 38.95
  -75.00    75.00  2.60 34.40
  -70.00    75.00  1.45 33.59
  -65.00    75.00  0.00 15.07
  -60.00    75.00  0.00 10.93
  -55.00    75.00  0.00 10.32
  -50.00    75.00  0.00 18.00
  -45.00    75.00  0.00 10.48
  -40.00    75.00  0.00 10.51
  -35.00    75.00  0.00 10.78
  -30.00    75.00  0.00 10.10
  -25.00    75.00  0.00 10.95
  -20.00    75.00  0.00 11.52
  -15.00    75.00  0.00 11.96
  -10.00    75.00  0.00 12.04
   -5.00    75.00  0.00 12.05
    0.00    75.00  0.00 11.43
    5.00    75.00  0.00  9.49
   10.00    75.00  0.00 30.00
   15.00    75.00  0.60 41.25
   20.00    75.00  0.52 35.79
   25.00    75.00  0.42 39.54
   30.00    75.00  0.21 45.83
   35.00    75.00  4.07 57.61
   40.00    75.00  2.03 50.54
   45.00    75.00  0.45 43.73
   50.00    75.00  0.78 50.22
   55.00    75.00  0.10 40.15
   60.00    75.00  0.09 35.91
   65.00    75.00  0.07 37.93
   70.00    75.00  0.03 35.97
   75.00    75.00  0.00 31.00
   80.00    75.00  0.00 31.00
   85.00    75.00  0.00 14.63
   90.00    75.00  0.00 14.25
   95.00    75.00  3.34 36.66
  100.00    75.00  4.01 37.98
  105.00    75.00  2.47 34.53
  110.00    75.00  1.31 33.72
  115.00    75.00  0.00 14.95
  120.00    75.00  0.00 10.19
  125.00    75.00  0.00 10.54
  130.00    75.00  0.00 18.00
  135.00    75.00  0.00 10.51
  140.00    75.00  0.00 10.88
  145.00    75.00  0.00 10.93
  150.00    75.00  0.00 10.63
  155.00    75.00  0.00 10.81
  160.00    75.00  0.00 11.49
  165.00    75.00  0.00 12.02
  170.00    75.00  0.00 12.21
  175.00    75.00  0.00 12.00
  180.00    75.00  0.00 10.57
 -180.00    80.00  0.00 13.65
 -175.00    80.00  0.00 14.25
 -170.00    80.00  0.00 15.24
 -165.00    80.00  0.00 16.13
 -160.00    80.00  0.59 38.28
 -155.00    80.00  0.32 49.77
 -150.00    80.00  2.82 57.18
 -145.00    80.00  5.25 60.75
 -140.00    80.00  1.09 43.91
 -135.00    80.00  1.66 46.34
 -130.00    80.00  0.48 42.77
 -125.00    80.00  0.18 41.82
 -120.00    80.00  0.07 38.42
 -115.00    80.00  0.05 40.45
 -110.00    80.00  0.04 39.96
 -105.00    80.00  0.00 31.00
 -100.00    80.00  0.00 31.00
  -95.00    80.00  0.00 13.63
  -90.00    80.00  0.00 14.25
  -85.00    80.00  3.30 35.70
  -80.00    80.00  4.01 38.99
  -75.00    80.00  3.07 33.93
  -70.00    80.00  2.23 32.77
  -65.00    80.00  0.00 16.94
  -60.00    80.00  0.00 18.00
  -55.00    80.00  0.00 11.72
  -50.00    80.00  0.00 10.71
  -45.00    80.00  0.00 10.30
  -40.00    80.00  0.00 10.06
  -35.00    80.00  0.00  9.85
  -30.00    80.00  0.00 11.01
  -25.00    80.00  0.00 11.05
  -20.00    80.00  0.00 12.26
  -15.00    80.00  0.00 12.03
  -10.00    80.00  0.00 12.07
   -5.00    80.00  0.00 13.05
    0.00    80.00  0.00 13.62
    5.00    80.00  0.00 14.30
   10.00    80.00  0.00 30.00
   15.00    80.00  0.00 25.00
   20.00    80.00  0.32 39.44
   25.00    80.00  0.36 48.84
   30.00    80.00  1.66 58.34
   35.00    80.00  5.31 63.95
   40.00    80.00  1.10 44.90
   45.00    80.00  1.97 45.38
   50.00    80.00  0.45 39.05
   55.00    80.00  0.16 39.84
   60.00    80.00  0.06 38.44
   65.00    80.00  0.04 39.96
   70.00    80.00  0.05 39.95
   75.00    80.00  0.00 31.00
   80.00    80.00  0.00 31.00
   85.00    80.00  0.00 13.62
   90.00    80.00  0.00 14.25
   95.00    80.00  3.31 35.69
  100.00    80.00  4.03 38.97
  105.00    80.00  3.00 34.00
  110.00    80.00  2.09 32.91
  115.00    80.00  0.00 12.19
  120.00    80.00  0.00 10.63
  125.00    80.00  0.00 10.95
  130.00    80.00  0.00 10.58
  135.00    80.00  0.00 10.24
  140.00    80.00  0.00  9.93
  145.00    80.00  0.00 10.00
  150.00    80.00  0.00 10.79
  155.00    80.00  0.00 11.31
  160.00    80.00  0.00 11.97
  165.00    80.00  0.00 12.03
  170.00    80.00  0.00 12.12
  175.00    80.00  0.00 13.05
  180.00    80.00  0.00 13.67
 -180.00    85.00  0.00 13.60
 -175.00    85.00  0.00 14.08
 -170.00    85.00  0.00 14.57
 -165.00    85.00  0.00 16.97
 -160.00    85.00  0.00 26.00
 -155.00    85.00  0.23 42.89
 -150.00    85.00  5.16 60.82
 -145.00    85.00  5.12 63.38
 -140.00    85.00  0.97 43.03
 -135.00    85.00  0.48 45.52
 -130.00    85.00  2.20 44.32
 -125.00    85.00  0.26 39.74
 -120.00    85.00  0.14 43.86
 -115.00    85.00  0.05 42.95
 -110.00    85.00  0.06 36.27
 -105.00    85.00  0.01 31.99
 -100.00    85.00  0.00 31.00
  -95.00    85.00  0.00 13.51
  -90.00    85.00  0.00 14.24
  -85.00    85.00  3.27 35.73
  -80.00    85.00  3.89 37.11
  -75.00    85.00  3.40 33.60
  -70.00    85.00  2.61 32.39
  -65.00    85.00  0.00 18.91
  -60.00    85.00  0.00 12.25
  -55.00    85.00  0.00 12.58
  -50.00    85.00  0.00 11.26
  -45.00    85.00  0.00 10.36
  -40.00    85.00  0.00 10.28
  -35.00    85.00  0.00 10.74
  -30.00    85.00  0.00 11.12
  -25.00    85.00  0.00 11.53
  -20.00    85.00  0.00 11.44
  -15.00    85.00  0.00 11.51
  -10.00    85.00  0.00 11.99
   -5.00    85.00  0.00 12.04
    0.00    85.00  0.00 13.59
    5.00    85.00  0.00 11.99
   10.00    85.00  0.00 15.62
   15.00    85.00  0.00 16.03
   20.00    85.00  0.00 32.00
   25.00    85.00  0.28 53.53
   30.00    85.00  5.15 58.84
   35.00    85.00  5.24 62.26
   40.00    85.00  1.01 42.99
   45.00    85.00  0.56 45.44
   50.00    85.00  1.66 45.34
   55.00    85.00  0.29 43.71
   60.00    85.00  0.14 41.86
   65.00    85.00  0.11 40.89
   70.00    85.00  0.04 44.97
   75.00    85.00  0.00 29.00
   80.00    85.00  0.00 31.00
   85.00    85.00  0.00 13.54
   90.00    85.00  0.00 14.24
   95.00    85.00  3.28 35.72
  100.00    85.00  3.92 38.08
  105.00    85.00  3.35 33.65
  110.00    85.00  2.57 32.43
  115.00    85.00  0.00 18.91
  120.00    85.00  0.00 10.08
  125.00    85.00  0.00 12.55
  130.00    85.00  0.00 11.23
  135.00    85.00  0.00 10.36
  140.00    85.00  0.00 10.15
  145.00    85.00  0.00 10.73
  150.00    85.00  0.00 11.04
  155.00    85.00  0.00 11.46
  160.00    85.00  0.00 11.74
  165.00    85.00  0.00 11.96
  170.00    85.00  0.00 11.81
  175.00    85.00  0.00 12.04
  180.00    85.00  0.00 13.53
 -180.00    90.00  0.00 12.57
 -175.00    90.00  0.00 11.67
 -170.00    90.00  0.00 11.63
 -165.00    90.00  0.00 12.80
 -160.00    90.00  0.00 23.00
 -155.00    90.00  0.02 38.89
 -150.00    90.00  4.40 70.94
 -145.00    90.00  4.90 64.10
 -140.00    90.00  1.87 43.93
 -135.00    90.00  1.11 45.89
 -130.00    90.00  2.15 45.84
 -125.00    90.00  0.43 48.90
 -120.00    90.00  0.22 44.78
 -115.00    90.00  0.43 44.57
 -110.00    90.00  0.77 41.23
 -105.00    90.00  0.18 38.82
 -100.00    90.00  0.00 31.00
  -95.00    90.00  0.00 13.47
  -90.00    90.00  0.00 14.23
  -85.00    90.00  3.25 34.76
  -80.00    90.00  3.78 35.22
  -75.00    90.00  3.60 35.40
  -70.00    90.00  2.80 33.20
  -65.00    90.00  0.00 23.00
  -60.00    90.00  0.00 13.28
  -55.00    90.00  0.00 11.28
  -50.00    90.00  0.00 11.01
  -45.00    90.00  0.00 10.35
  -40.00    90.00  0.00 10.12
  -35.00    90.00  0.00 11.00
  -30.00    90.00  0.00  9.52
  -25.00    90.00  0.00 12.72
  -20.00    90.00  0.00 11.64
  -15.00    90.00  0.00 11.94
  -10.00    90.00  0.00 12.28
   -5.00    90.00  0.00 12.73
    0.00    90.00  0.00 11.90
    5.00    90.00  0.00 10.00
   10.00    90.00  0.00 11.30
   15.00    90.00  0.00 14.80
   20.00    90.00  0.00 23.00
   25.00    90.00  0.01 37.65
   30.00    90.00  4.74 71.97
   35.00    90.00  5.08 63.92
   40.00    90.00  1.59 43.41
   45.00    90.00  0.82 46.18
   50.00    90.00  1.78 48.22
   55.00    90.00  0.53 46.47
   60.00    90.00  0.14 44.86
   65.00    90.00  0.40 44.60
   70.00    90.00  0.46 34.87
   75.00    90.00  0.15 38.85
   80.00    90.00  0.00 31.00
   85.00    90.00  0.00 13.49
   90.00    90.00  0.00 14.23
   95.00    90.00  3.25 35.75
  100.00    90.00  3.80 35.20
  105.00    90.00  3.56 34.44
  110.00    90.00  2.75 33.25
  115.00    90.00  0.00 21.00
  120.00    90.00  0.00 13.27
  125.00    90.00  0.00 12.36
  130.00    90.00  0.00 11.05
  135.00    90.00  0.00 10.45
  140.00    90.00  0.00 10.09
  145.00    90.00  0.00 10.97
  150.00    90.00  0.00  9.19
  155.00    90.00  0.00 12.80
  160.00    90.00  0.00 11.88
  165.00    90.00  0.00 12.13
  170.00    90.00  0.00 11.70
  175.00    90.00  0.00 10.60
  180.00    90.00  0.00 10.09
