prem_an.750                                                                     
1 1. 1 1
  750  180  358  717  739
      0. 13088.48 11262.21  3667.80   1327.6     84.6 11262.21  3667.80  1.00000
   6824. 13088.47 11262.20  3667.79   1327.6     84.6 11262.20  3667.79  1.00000
  13648. 13088.44 11262.18  3667.78   1327.6     84.6 11262.18  3667.78  1.00000
  20472. 13088.39 11262.14  3667.75   1327.6     84.6 11262.14  3667.75  1.00000
  27296. 13088.32 11262.09  3667.72   1327.6     84.6 11262.09  3667.72  1.00000
  34120. 13088.22 11262.02  3667.67   1327.6     84.6 11262.02  3667.67  1.00000
  40944. 13088.11 11261.94  3667.62   1327.6     84.6 11261.94  3667.62  1.00000
  47768. 13087.98 11261.85  3667.55   1327.6     84.6 11261.85  3667.55  1.00000
  54592. 13087.83 11261.74  3667.47   1327.6     84.6 11261.74  3667.47  1.00000
  61416. 13087.66 11261.61  3667.39   1327.6     84.6 11261.61  3667.39  1.00000
  68240. 13087.46 11261.47  3667.29   1327.6     84.6 11261.47  3667.29  1.00000
  75064. 13087.25 11261.32  3667.18   1327.6     84.6 11261.32  3667.18  1.00000
  81888. 13087.02 11261.15  3667.06   1327.6     84.6 11261.15  3667.06  1.00000
  88712. 13086.76 11260.97  3666.94   1327.6     84.6 11260.97  3666.94  1.00000
  95536. 13086.49 11260.77  3666.80   1327.6     84.6 11260.77  3666.80  1.00000
 102360. 13086.20 11260.56  3666.65   1327.6     84.6 11260.56  3666.65  1.00000
 109184. 13085.88 11260.34  3666.49   1327.6     84.6 11260.34  3666.49  1.00000
 116008. 13085.55 11260.09  3666.32   1327.6     84.6 11260.09  3666.32  1.00000
 122831. 13085.19 11259.84  3666.15   1327.6     84.6 11259.84  3666.15  1.00000
 129655. 13084.82 11259.57  3665.96   1327.6     84.6 11259.57  3665.96  1.00000
 136479. 13084.42 11259.28  3665.76   1327.6     84.6 11259.28  3665.76  1.00000
 143303. 13084.01 11258.99  3665.55   1327.6     84.6 11258.99  3665.55  1.00000
 150127. 13083.57 11258.67  3665.33   1327.6     84.6 11258.67  3665.33  1.00000
 156951. 13083.11 11258.34  3665.10   1327.6     84.6 11258.34  3665.10  1.00000
 163775. 13082.64 11258.00  3664.86   1327.6     84.6 11258.00  3664.86  1.00000
 170599. 13082.14 11257.64  3664.61   1327.6     84.6 11257.64  3664.61  1.00000
 177423. 13081.62 11257.27  3664.35   1327.6     84.6 11257.27  3664.35  1.00000
 184247. 13081.09 11256.88  3664.08   1327.6     84.6 11256.88  3664.08  1.00000
 191071. 13080.53 11256.48  3663.80   1327.6     84.6 11256.48  3663.80  1.00000
 197895. 13079.95 11256.06  3663.51   1327.6     84.6 11256.06  3663.51  1.00000
 204719. 13079.35 11255.63  3663.21   1327.6     84.6 11255.63  3663.21  1.00000
 211543. 13078.73 11255.19  3662.90   1327.6     84.6 11255.19  3662.90  1.00000
 218367. 13078.09 11254.73  3662.57   1327.6     84.6 11254.73  3662.57  1.00000
 225191. 13077.44 11254.25  3662.24   1327.6     84.6 11254.25  3662.24  1.00000
 232015. 13076.76 11253.76  3661.90   1327.6     84.6 11253.76  3661.90  1.00000
 238839. 13076.06 11253.26  3661.55   1327.6     84.6 11253.26  3661.55  1.00000
 245663. 13075.34 11252.74  3661.19   1327.6     84.6 11252.74  3661.19  1.00000
 252487. 13074.60 11252.21  3660.81   1327.6     84.6 11252.21  3660.81  1.00000
 259311. 13073.84 11251.66  3660.43   1327.6     84.6 11251.66  3660.43  1.00000
 266135. 13073.06 11251.10  3660.04   1327.6     84.6 11251.10  3660.04  1.00000
 272959. 13072.25 11250.52  3659.64   1327.6     84.6 11250.52  3659.64  1.00000
 279783. 13071.43 11249.93  3659.22   1327.6     84.6 11249.93  3659.22  1.00000
 286607. 13070.59 11249.33  3658.80   1327.6     84.6 11249.33  3658.80  1.00000
 293431. 13069.73 11248.71  3658.36   1327.6     84.6 11248.71  3658.36  1.00000
 300255. 13068.85 11248.07  3657.92   1327.6     84.6 11248.07  3657.92  1.00000
 307079. 13067.95 11247.42  3657.47   1327.6     84.6 11247.42  3657.47  1.00000
 313903. 13067.02 11246.76  3657.00   1327.6     84.6 11246.76  3657.00  1.00000
 320727. 13066.08 11246.08  3656.53   1327.6     84.6 11246.08  3656.53  1.00000
 327551. 13065.12 11245.38  3656.04   1327.6     84.6 11245.38  3656.04  1.00000
 334375. 13064.13 11244.67  3655.55   1327.6     84.6 11244.67  3655.55  1.00000
 341199. 13063.13 11243.95  3655.04   1327.6     84.6 11243.95  3655.04  1.00000
 348022. 13062.10 11243.21  3654.53   1327.6     84.6 11243.21  3654.53  1.00000
 354846. 13061.06 11242.46  3654.00   1327.6     84.6 11242.46  3654.00  1.00000
 361670. 13060.00 11241.70  3653.47   1327.6     84.6 11241.70  3653.47  1.00000
 368494. 13058.91 11240.92  3652.92   1327.6     84.6 11240.92  3652.92  1.00000
 375318. 13057.81 11240.12  3652.36   1327.6     84.6 11240.12  3652.36  1.00000
 382142. 13056.68 11239.31  3651.80   1327.6     84.6 11239.31  3651.80  1.00000
 388966. 13055.53 11238.48  3651.22   1327.6     84.6 11238.48  3651.22  1.00000
 395790. 13054.37 11237.64  3650.63   1327.6     84.6 11237.64  3650.63  1.00000
 402614. 13053.18 11236.79  3650.04   1327.6     84.6 11236.79  3650.04  1.00000
 409438. 13051.98 11235.92  3649.43   1327.6     84.6 11235.92  3649.43  1.00000
 416262. 13050.75 11235.04  3648.81   1327.6     84.6 11235.04  3648.81  1.00000
 423086. 13049.50 11234.14  3648.19   1327.6     84.6 11234.14  3648.19  1.00000
 429910. 13048.23 11233.23  3647.55   1327.6     84.6 11233.23  3647.55  1.00000
 436734. 13046.95 11232.30  3646.90   1327.6     84.6 11232.30  3646.90  1.00000
 443558. 13045.64 11231.36  3646.24   1327.6     84.6 11231.36  3646.24  1.00000
 450382. 13044.31 11230.40  3645.57   1327.6     84.6 11230.40  3645.57  1.00000
 457206. 13042.96 11229.43  3644.89   1327.6     84.6 11229.43  3644.89  1.00000
 464030. 13041.59 11228.44  3644.21   1327.6     84.6 11228.44  3644.21  1.00000
 470854. 13040.20 11227.44  3643.51   1327.6     84.6 11227.44  3643.51  1.00000
 477678. 13038.79 11226.43  3642.80   1327.6     84.6 11226.43  3642.80  1.00000
 484502. 13037.36 11225.40  3642.08   1327.6     84.6 11225.40  3642.08  1.00000
 491326. 13035.91 11224.36  3641.35   1327.6     84.6 11224.36  3641.35  1.00000
 498150. 13034.44 11223.30  3640.61   1327.6     84.6 11223.30  3640.61  1.00000
 504974. 13032.95 11222.22  3639.86   1327.6     84.6 11222.22  3639.86  1.00000
 511798. 13031.44 11221.14  3639.10   1327.6     84.6 11221.14  3639.10  1.00000
 518622. 13029.91 11220.03  3638.33   1327.6     84.6 11220.03  3638.33  1.00000
 525446. 13028.36 11218.92  3637.55   1327.6     84.6 11218.92  3637.55  1.00000
 532270. 13026.79 11217.79  3636.76   1327.6     84.6 11217.79  3636.76  1.00000
 539094. 13025.20 11216.64  3635.96   1327.6     84.6 11216.64  3635.96  1.00000
 545918. 13023.58 11215.48  3635.14   1327.6     84.6 11215.48  3635.14  1.00000
 552742. 13021.95 11214.30  3634.32   1327.6     84.6 11214.30  3634.32  1.00000
 559566. 13020.30 11213.11  3633.49   1327.6     84.6 11213.11  3633.49  1.00000
 566390. 13018.63 11211.91  3632.65   1327.6     84.6 11211.91  3632.65  1.00000
 573214. 13016.93 11210.69  3631.80   1327.6     84.6 11210.69  3631.80  1.00000
 580038. 13015.22 11209.45  3630.93   1327.6     84.6 11209.45  3630.93  1.00000
 586861. 13013.49 11208.21  3630.06   1327.6     84.6 11208.21  3630.06  1.00000
 593685. 13011.73 11206.94  3629.18   1327.6     84.6 11206.94  3629.18  1.00000
 600509. 13009.96 11205.67  3628.29   1327.6     84.6 11205.67  3628.29  1.00000
 607333. 13008.16 11204.37  3627.38   1327.6     84.6 11204.37  3627.38  1.00000
 614157. 13006.35 11203.07  3626.47   1327.6     84.6 11203.07  3626.47  1.00000
 620981. 13004.51 11201.74  3625.55   1327.6     84.6 11201.74  3625.55  1.00000
 627805. 13002.66 11200.41  3624.61   1327.6     84.6 11200.41  3624.61  1.00000
 634629. 13000.78 11199.06  3623.67   1327.6     84.6 11199.06  3623.67  1.00000
 641453. 12998.88 11197.69  3622.71   1327.6     84.6 11197.69  3622.71  1.00000
 648277. 12996.97 11196.31  3621.75   1327.6     84.6 11196.31  3621.75  1.00000
 655101. 12995.03 11194.92  3620.78   1327.6     84.6 11194.92  3620.78  1.00000
 661925. 12993.07 11193.51  3619.79   1327.6     84.6 11193.51  3619.79  1.00000
 668749. 12991.10 11192.08  3618.80   1327.6     84.6 11192.08  3618.80  1.00000
 675573. 12989.10 11190.65  3617.79   1327.6     84.6 11190.65  3617.79  1.00000
 682397. 12987.08 11189.19  3616.78   1327.6     84.6 11189.19  3616.78  1.00000
 689221. 12985.04 11187.73  3615.75   1327.6     84.6 11187.73  3615.75  1.00000
 696045. 12982.99 11186.24  3614.71   1327.6     84.6 11186.24  3614.71  1.00000
 702869. 12980.91 11184.75  3613.67   1327.6     84.6 11184.75  3613.67  1.00000
 709693. 12978.81 11183.24  3612.61   1327.6     84.6 11183.24  3612.61  1.00000
 716517. 12976.69 11181.71  3611.55   1327.6     84.6 11181.71  3611.55  1.00000
 723341. 12974.55 11180.17  3610.47   1327.6     84.6 11180.17  3610.47  1.00000
 730165. 12972.39 11178.61  3609.38   1327.6     84.6 11178.61  3609.38  1.00000
 736989. 12970.21 11177.04  3608.28   1327.6     84.6 11177.04  3608.28  1.00000
 743813. 12968.01 11175.46  3607.18   1327.6     84.6 11175.46  3607.18  1.00000
 750637. 12965.79 11173.86  3606.06   1327.6     84.6 11173.86  3606.06  1.00000
 757461. 12963.55 11172.25  3604.93   1327.6     84.6 11172.25  3604.93  1.00000
 764285. 12961.29 11170.62  3603.79   1327.6     84.6 11170.62  3603.79  1.00000
 771109. 12959.01 11168.98  3602.65   1327.6     84.6 11168.98  3602.65  1.00000
 777933. 12956.70 11167.32  3601.49   1327.6     84.6 11167.32  3601.49  1.00000
 784757. 12954.38 11165.65  3600.32   1327.6     84.6 11165.65  3600.32  1.00000
 791581. 12952.04 11163.96  3599.14   1327.6     84.6 11163.96  3599.14  1.00000
 798405. 12949.68 11162.26  3597.95   1327.6     84.6 11162.26  3597.95  1.00000
 805228. 12947.29 11160.54  3596.75   1327.6     84.6 11160.54  3596.75  1.00000
 812052. 12944.89 11158.81  3595.54   1327.6     84.6 11158.81  3595.54  1.00000
 818876. 12942.47 11157.07  3594.32   1327.6     84.6 11157.07  3594.32  1.00000
 825700. 12940.02 11155.31  3593.09   1327.6     84.6 11155.31  3593.09  1.00000
 832524. 12937.56 11153.54  3591.86   1327.6     84.6 11153.54  3591.86  1.00000
 839348. 12935.08 11151.75  3590.60   1327.6     84.6 11151.75  3590.60  1.00000
 846172. 12932.57 11149.94  3589.34   1327.6     84.6 11149.94  3589.34  1.00000
 852996. 12930.05 11148.12  3588.07   1327.6     84.6 11148.12  3588.07  1.00000
 859820. 12927.50 11146.29  3586.79   1327.6     84.6 11146.29  3586.79  1.00000
 866644. 12924.94 11144.45  3585.50   1327.6     84.6 11144.45  3585.50  1.00000
 873468. 12922.35 11142.58  3584.20   1327.6     84.6 11142.58  3584.20  1.00000
 880292. 12919.75 11140.71  3582.89   1327.6     84.6 11140.71  3582.89  1.00000
 887116. 12917.12 11138.82  3581.57   1327.6     84.6 11138.82  3581.57  1.00000
 893940. 12914.47 11136.91  3580.24   1327.6     84.6 11136.91  3580.24  1.00000
 900764. 12911.81 11134.99  3578.90   1327.6     84.6 11134.99  3578.90  1.00000
 907588. 12909.12 11133.06  3577.54   1327.6     84.6 11133.06  3577.54  1.00000
 914412. 12906.41 11131.11  3576.18   1327.6     84.6 11131.11  3576.18  1.00000
 921236. 12903.68 11129.14  3574.81   1327.6     84.6 11129.14  3574.81  1.00000
 928060. 12900.94 11127.16  3573.43   1327.6     84.6 11127.16  3573.43  1.00000
 934884. 12898.17 11125.17  3572.03   1327.6     84.6 11125.17  3572.03  1.00000
 941708. 12895.38 11123.16  3570.63   1327.6     84.6 11123.16  3570.63  1.00000
 948532. 12892.57 11121.14  3569.22   1327.6     84.6 11121.14  3569.22  1.00000
 955356. 12889.74 11119.10  3567.79   1327.6     84.6 11119.10  3567.79  1.00000
 962180. 12886.89 11117.05  3566.36   1327.6     84.6 11117.05  3566.36  1.00000
 969004. 12884.02 11114.99  3564.91   1327.6     84.6 11114.99  3564.91  1.00000
 975828. 12881.13 11112.90  3563.46   1327.6     84.6 11112.90  3563.46  1.00000
 982652. 12878.22 11110.81  3562.00   1327.6     84.6 11110.81  3562.00  1.00000
 989476. 12875.29 11108.70  3560.52   1327.6     84.6 11108.70  3560.52  1.00000
 996300. 12872.34 11106.57  3559.04   1327.6     84.6 11106.57  3559.04  1.00000
1003124. 12869.37 11104.44  3557.54   1327.6     84.6 11104.44  3557.54  1.00000
1009948. 12866.38 11102.28  3556.04   1327.6     84.6 11102.28  3556.04  1.00000
1016772. 12863.37 11100.11  3554.52   1327.6     84.6 11100.11  3554.52  1.00000
1023596. 12860.34 11097.93  3553.00   1327.6     84.6 11097.93  3553.00  1.00000
1030420. 12857.29 11095.73  3551.46   1327.6     84.6 11095.73  3551.46  1.00000
1037244. 12854.21 11093.52  3549.91   1327.6     84.6 11093.52  3549.91  1.00000
1044068. 12851.12 11091.29  3548.36   1327.6     84.6 11091.29  3548.36  1.00000
1050892. 12848.01 11089.05  3546.79   1327.6     84.6 11089.05  3546.79  1.00000
1057716. 12844.88 11086.80  3545.21   1327.6     84.6 11086.80  3545.21  1.00000
1064539. 12841.72 11084.53  3543.63   1327.6     84.6 11084.53  3543.63  1.00000
1071363. 12838.55 11082.24  3542.03   1327.6     84.6 11082.24  3542.03  1.00000
1078187. 12835.35 11079.94  3540.42   1327.6     84.6 11079.94  3540.42  1.00000
1085011. 12832.14 11077.63  3538.81   1327.6     84.6 11077.63  3538.81  1.00000
1091835. 12828.91 11075.30  3537.18   1327.6     84.6 11075.30  3537.18  1.00000
1098659. 12825.65 11072.95  3535.54   1327.6     84.6 11072.95  3535.54  1.00000
1105483. 12822.38 11070.59  3533.89   1327.6     84.6 11070.59  3533.89  1.00000
1112307. 12819.08 11068.22  3532.23   1327.6     84.6 11068.22  3532.23  1.00000
1119131. 12815.76 11065.83  3530.57   1327.6     84.6 11065.83  3530.57  1.00000
1125955. 12812.43 11063.43  3528.89   1327.6     84.6 11063.43  3528.89  1.00000
1132779. 12809.07 11061.02  3527.20   1327.6     84.6 11061.02  3527.20  1.00000
1139603. 12805.70 11058.58  3525.50   1327.6     84.6 11058.58  3525.50  1.00000
1146427. 12802.30 11056.14  3523.79   1327.6     84.6 11056.14  3523.79  1.00000
1153251. 12798.88 11053.68  3522.07   1327.6     84.6 11053.68  3522.07  1.00000
1160075. 12795.45 11051.20  3520.34   1327.6     84.6 11051.20  3520.34  1.00000
1166899. 12791.99 11048.71  3518.60   1327.6     84.6 11048.71  3518.60  1.00000
1173723. 12788.51 11046.21  3516.85   1327.6     84.6 11046.21  3516.85  1.00000
1180547. 12785.01 11043.69  3515.09   1327.6     84.6 11043.69  3515.09  1.00000
1187371. 12781.49 11041.16  3513.32   1327.6     84.6 11041.16  3513.32  1.00000
1194195. 12777.95 11038.61  3511.54   1327.6     84.6 11038.61  3511.54  1.00000
1201019. 12774.40 11036.05  3509.75   1327.6     84.6 11036.05  3509.75  1.00000
1207843. 12770.82 11033.47  3507.95   1327.6     84.6 11033.47  3507.95  1.00000
1214667. 12767.22 11030.88  3506.13   1327.6     84.6 11030.88  3506.13  1.00000
1221491. 12763.60 11028.27  3504.31   1327.6     84.6 11028.27  3504.31  1.00000
1221491. 12166.35 10355.69     0.00  57822.5      0.0 10355.69     0.00  1.00000
1234250. 12159.77 10348.28     0.00  57822.5      0.0 10348.28     0.00  1.00000
1247010. 12153.14 10340.85     0.00  57822.5      0.0 10340.85     0.00  1.00000
1259770. 12146.45 10333.39     0.00  57822.5      0.0 10333.39     0.00  1.00000
1272530. 12139.71 10325.91     0.00  57822.5      0.0 10325.91     0.00  1.00000
1285289. 12132.91 10318.40     0.00  57822.5      0.0 10318.40     0.00  1.00000
1298049. 12126.05 10310.87     0.00  57822.5      0.0 10310.87     0.00  1.00000
1310809. 12119.14 10303.30     0.00  57822.5      0.0 10303.30     0.00  1.00000
1323568. 12112.18 10295.71     0.00  57822.5      0.0 10295.71     0.00  1.00000
1336328. 12105.15 10288.09     0.00  57822.5      0.0 10288.09     0.00  1.00000
1349088. 12098.07 10280.44     0.00  57822.5      0.0 10280.44     0.00  1.00000
1361847. 12090.93 10272.75     0.00  57822.5      0.0 10272.75     0.00  1.00000
1374607. 12083.73 10265.04     0.00  57822.5      0.0 10265.04     0.00  1.00000
1387367. 12076.48 10257.29     0.00  57822.5      0.0 10257.29     0.00  1.00000
1400127. 12069.17 10249.52     0.00  57822.5      0.0 10249.52     0.00  1.00000
1412886. 12061.79 10241.71     0.00  57822.5      0.0 10241.71     0.00  1.00000
1425646. 12054.37 10233.86     0.00  57822.5      0.0 10233.86     0.00  1.00000
1438406. 12046.88 10225.98     0.00  57822.5      0.0 10225.98     0.00  1.00000
1451165. 12039.33 10218.06     0.00  57822.5      0.0 10218.06     0.00  1.00000
1463925. 12031.72 10210.11     0.00  57822.5      0.0 10210.11     0.00  1.00000
1476685. 12024.05 10202.12     0.00  57822.5      0.0 10202.12     0.00  1.00000
1489444. 12016.33 10194.10     0.00  57822.5      0.0 10194.10     0.00  1.00000
1502204. 12008.54 10186.04     0.00  57822.5      0.0 10186.04     0.00  1.00000
1514964. 12000.69 10177.94     0.00  57822.5      0.0 10177.94     0.00  1.00000
1527724. 11992.78 10169.79     0.00  57822.5      0.0 10169.79     0.00  1.00000
1540483. 11984.81 10161.61     0.00  57822.5      0.0 10161.61     0.00  1.00000
1553243. 11976.78 10153.39     0.00  57822.5      0.0 10153.39     0.00  1.00000
1566003. 11968.68 10145.13     0.00  57822.5      0.0 10145.13     0.00  1.00000
1578762. 11960.53 10136.83     0.00  57822.5      0.0 10136.83     0.00  1.00000
1591522. 11952.31 10128.48     0.00  57822.5      0.0 10128.48     0.00  1.00000
1604282. 11944.03 10120.09     0.00  57822.5      0.0 10120.09     0.00  1.00000
1617042. 11935.69 10111.66     0.00  57822.5      0.0 10111.66     0.00  1.00000
1629801. 11927.28 10103.18     0.00  57822.5      0.0 10103.18     0.00  1.00000
1642561. 11918.81 10094.66     0.00  57822.5      0.0 10094.66     0.00  1.00000
1655320. 11910.28 10086.09     0.00  57822.5      0.0 10086.09     0.00  1.00000
1668080. 11901.68 10077.48     0.00  57822.5      0.0 10077.48     0.00  1.00000
1680840. 11893.02 10068.82     0.00  57822.5      0.0 10068.82     0.00  1.00000
1693600. 11884.30 10060.11     0.00  57822.5      0.0 10060.11     0.00  1.00000
1706359. 11875.51 10051.35     0.00  57822.5      0.0 10051.35     0.00  1.00000
1719119. 11866.66 10042.54     0.00  57822.5      0.0 10042.54     0.00  1.00000
1731879. 11857.74 10033.69     0.00  57822.5      0.0 10033.69     0.00  1.00000
1744638. 11848.75 10024.78     0.00  57822.5      0.0 10024.78     0.00  1.00000
1757398. 11839.70 10015.82     0.00  57822.5      0.0 10015.82     0.00  1.00000
1770158. 11830.58 10006.82     0.00  57822.5      0.0 10006.82     0.00  1.00000
1782918. 11821.40  9997.75     0.00  57822.5      0.0  9997.75     0.00  1.00000
1795677. 11812.15  9988.64     0.00  57822.5      0.0  9988.64     0.00  1.00000
1808437. 11802.84  9979.47     0.00  57822.5      0.0  9979.47     0.00  1.00000
1821197. 11793.46  9970.25     0.00  57822.5      0.0  9970.25     0.00  1.00000
1833956. 11784.00  9960.97     0.00  57822.5      0.0  9960.97     0.00  1.00000
1846716. 11774.49  9951.64     0.00  57822.5      0.0  9951.64     0.00  1.00000
1859476. 11764.90  9942.25     0.00  57822.5      0.0  9942.25     0.00  1.00000
1872236. 11755.25  9932.81     0.00  57822.5      0.0  9932.81     0.00  1.00000
1884995. 11745.53  9923.31     0.00  57822.5      0.0  9923.31     0.00  1.00000
1897755. 11735.74  9913.75     0.00  57822.5      0.0  9913.75     0.00  1.00000
1910514. 11725.88  9904.13     0.00  57822.5      0.0  9904.13     0.00  1.00000
1923274. 11715.95  9894.45     0.00  57822.5      0.0  9894.45     0.00  1.00000
1936034. 11705.95  9884.71     0.00  57822.5      0.0  9884.71     0.00  1.00000
1948794. 11695.89  9874.91     0.00  57822.5      0.0  9874.91     0.00  1.00000
1961553. 11685.75  9865.05     0.00  57822.5      0.0  9865.05     0.00  1.00000
1974313. 11675.54  9855.13     0.00  57822.5      0.0  9855.13     0.00  1.00000
1987073. 11665.26  9845.14     0.00  57822.5      0.0  9845.14     0.00  1.00000
1999832. 11654.92  9835.09     0.00  57822.5      0.0  9835.09     0.00  1.00000
2012592. 11644.50  9824.98     0.00  57822.5      0.0  9824.98     0.00  1.00000
2025352. 11634.00  9814.80     0.00  57822.5      0.0  9814.80     0.00  1.00000
2038112. 11623.44  9804.56     0.00  57822.5      0.0  9804.56     0.00  1.00000
2050871. 11612.81  9794.25     0.00  57822.5      0.0  9794.25     0.00  1.00000
2063631. 11602.10  9783.87     0.00  57822.5      0.0  9783.87     0.00  1.00000
2076391. 11591.32  9773.43     0.00  57822.5      0.0  9773.43     0.00  1.00000
2089150. 11580.47  9762.92     0.00  57822.5      0.0  9762.92     0.00  1.00000
2101910. 11569.55  9752.34     0.00  57822.5      0.0  9752.34     0.00  1.00000
2114670. 11558.55  9741.69     0.00  57822.5      0.0  9741.69     0.00  1.00000
2127430. 11547.48  9730.97     0.00  57822.5      0.0  9730.97     0.00  1.00000
2140189. 11536.34  9720.18     0.00  57822.5      0.0  9720.18     0.00  1.00000
2152949. 11525.12  9709.32     0.00  57822.5      0.0  9709.32     0.00  1.00000
2165708. 11513.83  9698.39     0.00  57822.5      0.0  9698.39     0.00  1.00000
2178468. 11502.46  9687.38     0.00  57822.5      0.0  9687.38     0.00  1.00000
2191228. 11491.02  9676.31     0.00  57822.5      0.0  9676.31     0.00  1.00000
2203988. 11479.50  9665.16     0.00  57822.5      0.0  9665.16     0.00  1.00000
2216747. 11467.91  9653.93     0.00  57822.5      0.0  9653.93     0.00  1.00000
2229507. 11456.25  9642.63     0.00  57822.5      0.0  9642.63     0.00  1.00000
2242267. 11444.50  9631.25     0.00  57822.5      0.0  9631.25     0.00  1.00000
2255026. 11432.69  9619.80     0.00  57822.5      0.0  9619.80     0.00  1.00000
2267786. 11420.79  9608.27     0.00  57822.5      0.0  9608.27     0.00  1.00000
2280546. 11408.82  9596.66     0.00  57822.5      0.0  9596.66     0.00  1.00000
2293306. 11396.77  9584.97     0.00  57822.5      0.0  9584.97     0.00  1.00000
2306065. 11384.64  9573.20     0.00  57822.5      0.0  9573.20     0.00  1.00000
2318825. 11372.44  9561.36     0.00  57822.5      0.0  9561.36     0.00  1.00000
2331585. 11360.16  9549.43     0.00  57822.5      0.0  9549.43     0.00  1.00000
2344344. 11347.80  9537.43     0.00  57822.5      0.0  9537.43     0.00  1.00000
2357104. 11335.37  9525.34     0.00  57822.5      0.0  9525.34     0.00  1.00000
2369864. 11322.85  9513.17     0.00  57822.5      0.0  9513.17     0.00  1.00000
2382624. 11310.26  9500.91     0.00  57822.5      0.0  9500.91     0.00  1.00000
2395383. 11297.58  9488.57     0.00  57822.5      0.0  9488.57     0.00  1.00000
2408143. 11284.83  9476.15     0.00  57822.5      0.0  9476.15     0.00  1.00000
2420902. 11272.00  9463.64     0.00  57822.5      0.0  9463.64     0.00  1.00000
2433662. 11259.09  9451.05     0.00  57822.5      0.0  9451.05     0.00  1.00000
2446422. 11246.10  9438.37     0.00  57822.5      0.0  9438.37     0.00  1.00000
2459182. 11233.03  9425.61     0.00  57822.5      0.0  9425.61     0.00  1.00000
2471942. 11219.87  9412.75     0.00  57822.5      0.0  9412.75     0.00  1.00000
2484701. 11206.64  9399.81     0.00  57822.5      0.0  9399.81     0.00  1.00000
2497461. 11193.33  9386.78     0.00  57822.5      0.0  9386.78     0.00  1.00000
2510220. 11179.93  9373.66     0.00  57822.5      0.0  9373.66     0.00  1.00000
2522980. 11166.45  9360.45     0.00  57822.5      0.0  9360.45     0.00  1.00000
2535740. 11152.89  9347.15     0.00  57822.5      0.0  9347.15     0.00  1.00000
2548500. 11139.25  9333.76     0.00  57822.5      0.0  9333.76     0.00  1.00000
2561259. 11125.53  9320.27     0.00  57822.5      0.0  9320.27     0.00  1.00000
2574019. 11111.72  9306.70     0.00  57822.5      0.0  9306.70     0.00  1.00000
2586779. 11097.83  9293.03     0.00  57822.5      0.0  9293.03     0.00  1.00000
2599538. 11083.86  9279.26     0.00  57822.5      0.0  9279.26     0.00  1.00000
2612298. 11069.80  9265.40     0.00  57822.5      0.0  9265.40     0.00  1.00000
2625058. 11055.66  9251.45     0.00  57822.5      0.0  9251.45     0.00  1.00000
2637818. 11041.44  9237.40     0.00  57822.5      0.0  9237.40     0.00  1.00000
2650577. 11027.13  9223.25     0.00  57822.5      0.0  9223.25     0.00  1.00000
2663337. 11012.74  9209.00     0.00  57822.5      0.0  9209.00     0.00  1.00000
2676097. 10998.26  9194.66     0.00  57822.5      0.0  9194.66     0.00  1.00000
2688856. 10983.70  9180.22     0.00  57822.5      0.0  9180.22     0.00  1.00000
2701616. 10969.05  9165.68     0.00  57822.5      0.0  9165.68     0.00  1.00000
2714376. 10954.32  9151.03     0.00  57822.5      0.0  9151.03     0.00  1.00000
2727136. 10939.50  9136.29     0.00  57822.5      0.0  9136.29     0.00  1.00000
2739895. 10924.59  9121.45     0.00  57822.5      0.0  9121.45     0.00  1.00000
2752655. 10909.60  9106.50     0.00  57822.5      0.0  9106.50     0.00  1.00000
2765414. 10894.52  9091.46     0.00  57822.5      0.0  9091.46     0.00  1.00000
2778174. 10879.35  9076.30     0.00  57822.5      0.0  9076.30     0.00  1.00000
2790934. 10864.10  9061.05     0.00  57822.5      0.0  9061.05     0.00  1.00000
2803694. 10848.76  9045.69     0.00  57822.5      0.0  9045.69     0.00  1.00000
2816453. 10833.33  9030.22     0.00  57822.5      0.0  9030.22     0.00  1.00000
2829213. 10817.81  9014.65     0.00  57822.5      0.0  9014.65     0.00  1.00000
2841973. 10802.21  8998.98     0.00  57822.5      0.0  8998.98     0.00  1.00000
2854732. 10786.51  8983.19     0.00  57822.5      0.0  8983.19     0.00  1.00000
2867492. 10770.73  8967.30     0.00  57822.5      0.0  8967.30     0.00  1.00000
2880252. 10754.86  8951.30     0.00  57822.5      0.0  8951.30     0.00  1.00000
2893012. 10738.90  8935.19     0.00  57822.5      0.0  8935.19     0.00  1.00000
2905771. 10722.85  8918.97     0.00  57822.5      0.0  8918.97     0.00  1.00000
2918531. 10706.71  8902.64     0.00  57822.5      0.0  8902.64     0.00  1.00000
2931290. 10690.48  8886.20     0.00  57822.5      0.0  8886.20     0.00  1.00000
2944050. 10674.16  8869.64     0.00  57822.5      0.0  8869.64     0.00  1.00000
2956810. 10657.75  8852.98     0.00  57822.5      0.0  8852.98     0.00  1.00000
2969570. 10641.24  8836.20     0.00  57822.5      0.0  8836.20     0.00  1.00000
2982329. 10624.65  8819.31     0.00  57822.5      0.0  8819.31     0.00  1.00000
2995089. 10607.96  8802.30     0.00  57822.5      0.0  8802.30     0.00  1.00000
3007849. 10591.19  8785.18     0.00  57822.5      0.0  8785.18     0.00  1.00000
3020609. 10574.32  8767.94     0.00  57822.5      0.0  8767.94     0.00  1.00000
3033368. 10557.36  8750.59     0.00  57822.5      0.0  8750.59     0.00  1.00000
3046128. 10540.30  8733.12     0.00  57822.5      0.0  8733.12     0.00  1.00000
3058888. 10523.16  8715.53     0.00  57822.5      0.0  8715.53     0.00  1.00000
3071647. 10505.92  8697.82     0.00  57822.5      0.0  8697.82     0.00  1.00000
3084407. 10488.58  8680.00     0.00  57822.5      0.0  8680.00     0.00  1.00000
3097167. 10471.16  8662.05     0.00  57822.5      0.0  8662.05     0.00  1.00000
3109926. 10453.63  8643.99     0.00  57822.5      0.0  8643.99     0.00  1.00000
3122686. 10436.02  8625.80     0.00  57822.5      0.0  8625.80     0.00  1.00000
3135446. 10418.31  8607.49     0.00  57822.5      0.0  8607.49     0.00  1.00000
3148206. 10400.51  8589.06     0.00  57822.5      0.0  8589.06     0.00  1.00000
3160965. 10382.61  8570.51     0.00  57822.5      0.0  8570.51     0.00  1.00000
3173725. 10364.61  8551.83     0.00  57822.5      0.0  8551.83     0.00  1.00000
3186484. 10346.52  8533.03     0.00  57822.5      0.0  8533.03     0.00  1.00000
3199244. 10328.34  8514.10     0.00  57822.5      0.0  8514.10     0.00  1.00000
3212004. 10310.05  8495.05     0.00  57822.5      0.0  8495.05     0.00  1.00000
3224764. 10291.68  8475.87     0.00  57822.5      0.0  8475.87     0.00  1.00000
3237524. 10273.20  8456.57     0.00  57822.5      0.0  8456.57     0.00  1.00000
3250283. 10254.63  8437.14     0.00  57822.5      0.0  8437.14     0.00  1.00000
3263043. 10235.96  8417.58     0.00  57822.5      0.0  8417.58     0.00  1.00000
3275802. 10217.20  8397.89     0.00  57822.5      0.0  8397.89     0.00  1.00000
3288562. 10198.33  8378.07     0.00  57822.5      0.0  8378.07     0.00  1.00000
3301322. 10179.37  8358.12     0.00  57822.5      0.0  8358.12     0.00  1.00000
3314082. 10160.31  8338.04     0.00  57822.5      0.0  8338.04     0.00  1.00000
3326841. 10141.15  8317.83     0.00  57822.5      0.0  8317.83     0.00  1.00000
3339601. 10121.90  8297.49     0.00  57822.5      0.0  8297.49     0.00  1.00000
3352361. 10102.54  8277.01     0.00  57822.5      0.0  8277.01     0.00  1.00000
3365120. 10083.09  8256.41     0.00  57822.5      0.0  8256.41     0.00  1.00000
3377880. 10063.53  8235.66     0.00  57822.5      0.0  8235.66     0.00  1.00000
3390640. 10043.88  8214.79     0.00  57822.5      0.0  8214.79     0.00  1.00000
3403400. 10024.12  8193.77     0.00  57822.5      0.0  8193.77     0.00  1.00000
3416159. 10004.27  8172.62     0.00  57822.5      0.0  8172.62     0.00  1.00000
3428919.  9984.32  8151.34     0.00  57822.5      0.0  8151.34     0.00  1.00000
3441679.  9964.26  8129.92     0.00  57822.5      0.0  8129.92     0.00  1.00000
3454438.  9944.10  8108.36     0.00  57822.5      0.0  8108.36     0.00  1.00000
3467198.  9923.84  8086.66     0.00  57822.5      0.0  8086.66     0.00  1.00000
3479958.  9903.48  8064.82     0.00  57822.5      0.0  8064.82     0.00  1.00000
3479958.  5566.45 13716.60  7264.66  57822.5    312.0 13716.60  7264.66  1.00000
3489336.  5561.75 13714.29  7264.75  57822.5    312.0 13714.29  7264.75  1.00000
3498713.  5557.05 13712.00  7264.85  57822.5    312.0 13712.00  7264.85  1.00000
3508090.  5552.36 13709.71  7264.94  57822.5    312.0 13709.71  7264.94  1.00000
3517468.  5547.66 13707.42  7265.03  57822.5    312.0 13707.42  7265.03  1.00000
3526846.  5542.97 13705.14  7265.12  57822.5    312.0 13705.14  7265.12  1.00000
3536224.  5538.28 13702.86  7265.21  57822.5    312.0 13702.86  7265.21  1.00000
3545601.  5533.59 13700.59  7265.29  57822.5    312.0 13700.59  7265.29  1.00000
3554979.  5528.90 13698.33  7265.38  57822.5    312.0 13698.33  7265.38  1.00000
3564356.  5524.21 13696.07  7265.46  57822.5    312.0 13696.07  7265.46  1.00000
3573734.  5519.53 13693.82  7265.54  57822.5    312.0 13693.82  7265.54  1.00000
3583112.  5514.85 13691.57  7265.62  57822.5    312.0 13691.57  7265.62  1.00000
3592490.  5510.16 13689.33  7265.69  57822.5    312.0 13689.33  7265.69  1.00000
3601867.  5505.48 13687.09  7265.76  57822.5    312.0 13687.09  7265.76  1.00000
3611245.  5500.81 13684.86  7265.84  57822.5    312.0 13684.86  7265.84  1.00000
3620622.  5496.13 13682.63  7265.91  57822.5    312.0 13682.63  7265.91  1.00000
3630000.  5491.45 13680.41  7265.97  57822.5    312.0 13680.41  7265.97  1.00000
3630000.  5491.45 13680.41  7265.97  57822.5    312.0 13680.41  7265.97  1.00000
3639471.  5486.73 13668.90  7261.63  57822.5    312.0 13668.90  7261.63  1.00000
3648942.  5482.01 13657.43  7257.29  57822.5    312.0 13657.43  7257.29  1.00000
3658414.  5477.29 13645.97  7252.97  57822.5    312.0 13645.97  7252.97  1.00000
3667884.  5472.57 13634.54  7248.64  57822.5    312.0 13634.54  7248.64  1.00000
3677356.  5467.85 13623.14  7244.33  57822.5    312.0 13623.14  7244.33  1.00000
3686827.  5463.13 13611.76  7240.01  57822.5    312.0 13611.76  7240.01  1.00000
3696298.  5458.42 13600.40  7235.71  57822.5    312.0 13600.40  7235.71  1.00000
3705769.  5453.70 13589.07  7231.41  57822.5    312.0 13589.07  7231.41  1.00000
3715240.  5448.99 13577.76  7227.12  57822.5    312.0 13577.76  7227.12  1.00000
3724712.  5444.27 13566.46  7222.83  57822.5    312.0 13566.46  7222.83  1.00000
3734182.  5439.56 13555.20  7218.55  57822.5    312.0 13555.20  7218.55  1.00000
3743654.  5434.85 13543.95  7214.27  57822.5    312.0 13543.95  7214.27  1.00000
3753125.  5430.13 13532.72  7210.00  57822.5    312.0 13532.72  7210.00  1.00000
3762596.  5425.42 13521.51  7205.73  57822.5    312.0 13521.51  7205.73  1.00000
3772068.  5420.71 13510.32  7201.47  57822.5    312.0 13510.32  7201.47  1.00000
3781538.  5416.00 13499.14  7197.21  57822.5    312.0 13499.14  7197.21  1.00000
3791010.  5411.29 13487.99  7192.95  57822.5    312.0 13487.99  7192.95  1.00000
3800481.  5406.57 13476.85  7188.70  57822.5    312.0 13476.85  7188.70  1.00000
3809952.  5401.86 13465.73  7184.45  57822.5    312.0 13465.73  7184.45  1.00000
3819423.  5397.15 13454.63  7180.21  57822.5    312.0 13454.63  7180.21  1.00000
3828894.  5392.44 13443.54  7175.97  57822.5    312.0 13443.54  7175.97  1.00000
3838366.  5387.73 13432.46  7171.73  57822.5    312.0 13432.46  7171.73  1.00000
3847836.  5383.02 13421.41  7167.50  57822.5    312.0 13421.41  7167.50  1.00000
3857308.  5378.30 13410.36  7163.27  57822.5    312.0 13410.36  7163.27  1.00000
3866779.  5373.59 13399.33  7159.04  57822.5    312.0 13399.33  7159.04  1.00000
3876250.  5368.88 13388.31  7154.81  57822.5    312.0 13388.31  7154.81  1.00000
3885721.  5364.17 13377.31  7150.59  57822.5    312.0 13377.31  7150.59  1.00000
3895192.  5359.45 13366.31  7146.37  57822.5    312.0 13366.31  7146.37  1.00000
3904664.  5354.74 13355.33  7142.15  57822.5    312.0 13355.33  7142.15  1.00000
3914134.  5350.02 13344.36  7137.93  57822.5    312.0 13344.36  7137.93  1.00000
3923606.  5345.31 13333.40  7133.71  57822.5    312.0 13333.40  7133.71  1.00000
3933077.  5340.59 13322.45  7129.50  57822.5    312.0 13322.45  7129.50  1.00000
3942548.  5335.87 13311.51  7125.29  57822.5    312.0 13311.51  7125.29  1.00000
3952019.  5331.16 13300.58  7121.07  57822.5    312.0 13300.58  7121.07  1.00000
3961490.  5326.44 13289.66  7116.86  57822.5    312.0 13289.66  7116.86  1.00000
3970962.  5321.72 13278.74  7112.65  57822.5    312.0 13278.74  7112.65  1.00000
3980432.  5317.00 13267.84  7108.44  57822.5    312.0 13267.84  7108.44  1.00000
3989904.  5312.28 13256.93  7104.23  57822.5    312.0 13256.93  7104.23  1.00000
3999375.  5307.55 13246.04  7100.02  57822.5    312.0 13246.04  7100.02  1.00000
4008846.  5302.83 13235.15  7095.81  57822.5    312.0 13235.15  7095.81  1.00000
4018318.  5298.10 13224.27  7091.60  57822.5    312.0 13224.27  7091.60  1.00000
4027788.  5293.38 13213.39  7087.39  57822.5    312.0 13213.39  7087.39  1.00000
4037260.  5288.65 13202.51  7083.18  57822.5    312.0 13202.51  7083.18  1.00000
4046731.  5283.92 13191.64  7078.96  57822.5    312.0 13191.64  7078.96  1.00000
4056202.  5279.19 13180.78  7074.75  57822.5    312.0 13180.78  7074.75  1.00000
4065673.  5274.46 13169.91  7070.54  57822.5    312.0 13169.91  7070.54  1.00000
4075144.  5269.72 13159.05  7066.32  57822.5    312.0 13159.05  7066.32  1.00000
4084616.  5264.98 13148.19  7062.10  57822.5    312.0 13148.19  7062.10  1.00000
4094086.  5260.25 13137.33  7057.88  57822.5    312.0 13137.33  7057.88  1.00000
4103558.  5255.51 13126.47  7053.66  57822.5    312.0 13126.47  7053.66  1.00000
4113029.  5250.77 13115.61  7049.44  57822.5    312.0 13115.61  7049.44  1.00000
4122500.  5246.02 13104.75  7045.22  57822.5    312.0 13104.75  7045.22  1.00000
4131971.  5241.28 13093.89  7040.99  57822.5    312.0 13093.89  7040.99  1.00000
4141442.  5236.53 13083.02  7036.76  57822.5    312.0 13083.02  7036.76  1.00000
4150914.  5231.78 13072.16  7032.52  57822.5    312.0 13072.16  7032.52  1.00000
4160385.  5227.03 13061.29  7028.29  57822.5    312.0 13061.29  7028.29  1.00000
4169856.  5222.27 13050.42  7024.05  57822.5    312.0 13050.42  7024.05  1.00000
4179327.  5217.52 13039.54  7019.81  57822.5    312.0 13039.54  7019.81  1.00000
4188798.  5212.76 13028.67  7015.56  57822.5    312.0 13028.67  7015.56  1.00000
4198269.  5208.00 13017.78  7011.31  57822.5    312.0 13017.78  7011.31  1.00000
4207740.  5203.23 13006.90  7007.06  57822.5    312.0 13006.90  7007.06  1.00000
4217212.  5198.47 12996.00  7002.80  57822.5    312.0 12996.00  7002.80  1.00000
4226682.  5193.70 12985.10  6998.54  57822.5    312.0 12985.10  6998.54  1.00000
4236154.  5188.93 12974.19  6994.27  57822.5    312.0 12974.19  6994.27  1.00000
4245625.  5184.15 12963.28  6990.00  57822.5    312.0 12963.28  6990.00  1.00000
4255096.  5179.38 12952.36  6985.72  57822.5    312.0 12952.36  6985.72  1.00000
4264568.  5174.60 12941.42  6981.44  57822.5    312.0 12941.42  6981.44  1.00000
4274038.  5169.82 12930.49  6977.15  57822.5    312.0 12930.49  6977.15  1.00000
4283510.  5165.03 12919.54  6972.86  57822.5    312.0 12919.54  6972.86  1.00000
4292981.  5160.24 12908.58  6968.57  57822.5    312.0 12908.58  6968.57  1.00000
4302452.  5155.45 12897.61  6964.26  57822.5    312.0 12897.61  6964.26  1.00000
4311923.  5150.65 12886.63  6959.95  57822.5    312.0 12886.63  6959.95  1.00000
4321394.  5145.86 12875.63  6955.64  57822.5    312.0 12875.63  6955.64  1.00000
4330865.  5141.06 12864.63  6951.32  57822.5    312.0 12864.63  6951.32  1.00000
4340336.  5136.25 12853.61  6946.99  57822.5    312.0 12853.61  6946.99  1.00000
4349808.  5131.44 12842.58  6942.66  57822.5    312.0 12842.58  6942.66  1.00000
4359279.  5126.63 12831.54  6938.31  57822.5    312.0 12831.54  6938.31  1.00000
4368750.  5121.82 12820.48  6933.97  57822.5    312.0 12820.48  6933.97  1.00000
4378221.  5117.00 12809.41  6929.61  57822.5    312.0 12809.41  6929.61  1.00000
4387692.  5112.17 12798.32  6925.25  57822.5    312.0 12798.32  6925.25  1.00000
4397164.  5107.35 12787.22  6920.88  57822.5    312.0 12787.22  6920.88  1.00000
4406635.  5102.52 12776.10  6916.50  57822.5    312.0 12776.10  6916.50  1.00000
4416106.  5097.69 12764.96  6912.11  57822.5    312.0 12764.96  6912.11  1.00000
4425577.  5092.85 12753.81  6907.72  57822.5    312.0 12753.81  6907.72  1.00000
4435048.  5088.01 12742.63  6903.32  57822.5    312.0 12742.63  6903.32  1.00000
4444519.  5083.16 12731.44  6898.91  57822.5    312.0 12731.44  6898.91  1.00000
4453990.  5078.31 12720.24  6894.49  57822.5    312.0 12720.24  6894.49  1.00000
4463462.  5073.46 12709.01  6890.06  57822.5    312.0 12709.01  6890.06  1.00000
4472932.  5068.60 12697.76  6885.62  57822.5    312.0 12697.76  6885.62  1.00000
4482404.  5063.74 12686.49  6881.17  57822.5    312.0 12686.49  6881.17  1.00000
4491875.  5058.87 12675.20  6876.72  57822.5    312.0 12675.20  6876.72  1.00000
4501346.  5054.00 12663.89  6872.25  57822.5    312.0 12663.89  6872.25  1.00000
4510818.  5049.13 12652.56  6867.78  57822.5    312.0 12652.56  6867.78  1.00000
4520288.  5044.25 12641.20  6863.29  57822.5    312.0 12641.20  6863.29  1.00000
4529760.  5039.36 12629.82  6858.80  57822.5    312.0 12629.82  6858.80  1.00000
4539231.  5034.47 12618.42  6854.29  57822.5    312.0 12618.42  6854.29  1.00000
4548702.  5029.58 12606.99  6849.78  57822.5    312.0 12606.99  6849.78  1.00000
4558173.  5024.68 12595.54  6845.25  57822.5    312.0 12595.54  6845.25  1.00000
4567644.  5019.78 12584.06  6840.71  57822.5    312.0 12584.06  6840.71  1.00000
4577115.  5014.87 12572.56  6836.16  57822.5    312.0 12572.56  6836.16  1.00000
4586586.  5009.96 12561.03  6831.60  57822.5    312.0 12561.03  6831.60  1.00000
4596058.  5005.04 12549.48  6827.03  57822.5    312.0 12549.48  6827.03  1.00000
4605529.  5000.12 12537.89  6822.45  57822.5    312.0 12537.89  6822.45  1.00000
4615000.  4995.19 12526.28  6817.85  57822.5    312.0 12526.28  6817.85  1.00000
4624471.  4990.26 12514.64  6813.25  57822.5    312.0 12514.64  6813.25  1.00000
4633942.  4985.32 12502.98  6808.63  57822.5    312.0 12502.98  6808.63  1.00000
4643414.  4980.38 12491.28  6804.00  57822.5    312.0 12491.28  6804.00  1.00000
4652885.  4975.43 12479.55  6799.35  57822.5    312.0 12479.55  6799.35  1.00000
4662356.  4970.47 12467.79  6794.70  57822.5    312.0 12467.79  6794.70  1.00000
4671827.  4965.51 12456.01  6790.03  57822.5    312.0 12456.01  6790.03  1.00000
4681298.  4960.55 12444.19  6785.34  57822.5    312.0 12444.19  6785.34  1.00000
4690769.  4955.58 12432.33  6780.65  57822.5    312.0 12432.33  6780.65  1.00000
4700240.  4950.60 12420.45  6775.94  57822.5    312.0 12420.45  6775.94  1.00000
4709712.  4945.62 12408.53  6771.22  57822.5    312.0 12408.53  6771.22  1.00000
4719182.  4940.63 12396.58  6766.48  57822.5    312.0 12396.58  6766.48  1.00000
4728654.  4935.64 12384.60  6761.73  57822.5    312.0 12384.60  6761.73  1.00000
4738125.  4930.64 12372.58  6756.97  57822.5    312.0 12372.58  6756.97  1.00000
4747596.  4925.63 12360.52  6752.19  57822.5    312.0 12360.52  6752.19  1.00000
4757068.  4920.62 12348.43  6747.40  57822.5    312.0 12348.43  6747.40  1.00000
4766538.  4915.60 12336.30  6742.59  57822.5    312.0 12336.30  6742.59  1.00000
4776010.  4910.58 12324.14  6737.76  57822.5    312.0 12324.14  6737.76  1.00000
4785481.  4905.55 12311.94  6732.93  57822.5    312.0 12311.94  6732.93  1.00000
4794952.  4900.51 12299.70  6728.07  57822.5    312.0 12299.70  6728.07  1.00000
4804423.  4895.47 12287.42  6723.21  57822.5    312.0 12287.42  6723.21  1.00000
4813894.  4890.42 12275.11  6718.32  57822.5    312.0 12275.11  6718.32  1.00000
4823365.  4885.37 12262.75  6713.42  57822.5    312.0 12262.75  6713.42  1.00000
4832836.  4880.31 12250.35  6708.50  57822.5    312.0 12250.35  6708.50  1.00000
4842308.  4875.24 12237.92  6703.57  57822.5    312.0 12237.92  6703.57  1.00000
4851779.  4870.16 12225.44  6698.62  57822.5    312.0 12225.44  6698.62  1.00000
4861250.  4865.08 12212.92  6693.66  57822.5    312.0 12212.92  6693.66  1.00000
4870721.  4859.99 12200.36  6688.68  57822.5    312.0 12200.36  6688.68  1.00000
4880192.  4854.90 12187.76  6683.68  57822.5    312.0 12187.76  6683.68  1.00000
4889664.  4849.80 12175.12  6678.66  57822.5    312.0 12175.12  6678.66  1.00000
4899135.  4844.69 12162.43  6673.63  57822.5    312.0 12162.43  6673.63  1.00000
4908606.  4839.57 12149.69  6668.58  57822.5    312.0 12149.69  6668.58  1.00000
4918077.  4834.45 12136.91  6663.51  57822.5    312.0 12136.91  6663.51  1.00000
4927548.  4829.32 12124.09  6658.43  57822.5    312.0 12124.09  6658.43  1.00000
4937019.  4824.18 12111.22  6653.32  57822.5    312.0 12111.22  6653.32  1.00000
4946490.  4819.04 12098.31  6648.20  57822.5    312.0 12098.31  6648.20  1.00000
4955962.  4813.88 12085.34  6643.06  57822.5    312.0 12085.34  6643.06  1.00000
4965432.  4808.73 12072.34  6637.90  57822.5    312.0 12072.34  6637.90  1.00000
4974904.  4803.56 12059.28  6632.73  57822.5    312.0 12059.28  6632.73  1.00000
4984375.  4798.39 12046.17  6627.53  57822.5    312.0 12046.17  6627.53  1.00000
4993846.  4793.20 12033.02  6622.31  57822.5    312.0 12033.02  6622.31  1.00000
5003318.  4788.02 12019.82  6617.08  57822.5    312.0 12019.82  6617.08  1.00000
5012788.  4782.82 12006.56  6611.82  57822.5    312.0 12006.56  6611.82  1.00000
5022260.  4777.61 11993.26  6606.55  57822.5    312.0 11993.26  6606.55  1.00000
5031731.  4772.40 11979.91  6601.26  57822.5    312.0 11979.91  6601.26  1.00000
5041202.  4767.18 11966.50  6595.94  57822.5    312.0 11966.50  6595.94  1.00000
5050673.  4761.95 11953.04  6590.61  57822.5    312.0 11953.04  6590.61  1.00000
5060144.  4756.72 11939.53  6585.26  57822.5    312.0 11939.53  6585.26  1.00000
5069615.  4751.48 11925.97  6579.88  57822.5    312.0 11925.97  6579.88  1.00000
5079086.  4746.22 11912.35  6574.49  57822.5    312.0 11912.35  6574.49  1.00000
5088558.  4740.96 11898.68  6569.07  57822.5    312.0 11898.68  6569.07  1.00000
5098029.  4735.69 11884.95  6563.63  57822.5    312.0 11884.95  6563.63  1.00000
5107500.  4730.42 11871.17  6558.17  57822.5    312.0 11871.17  6558.17  1.00000
5116971.  4725.13 11857.33  6552.69  57822.5    312.0 11857.33  6552.69  1.00000
5126442.  4719.84 11843.44  6547.19  57822.5    312.0 11843.44  6547.19  1.00000
5135914.  4714.54 11829.49  6541.67  57822.5    312.0 11829.49  6541.67  1.00000
5145385.  4709.23 11815.49  6536.12  57822.5    312.0 11815.49  6536.12  1.00000
5154856.  4703.91 11801.42  6530.55  57822.5    312.0 11801.42  6530.55  1.00000
5164327.  4698.58 11787.30  6524.96  57822.5    312.0 11787.30  6524.96  1.00000
5173798.  4693.25 11773.12  6519.35  57822.5    312.0 11773.12  6519.35  1.00000
5183269.  4687.90 11758.88  6513.71  57822.5    312.0 11758.88  6513.71  1.00000
5192740.  4682.55 11744.58  6508.06  57822.5    312.0 11744.58  6508.06  1.00000
5202212.  4677.19 11730.21  6502.37  57822.5    312.0 11730.21  6502.37  1.00000
5211682.  4671.82 11715.79  6496.67  57822.5    312.0 11715.79  6496.67  1.00000
5221154.  4666.44 11701.31  6490.94  57822.5    312.0 11701.31  6490.94  1.00000
5230625.  4661.05 11686.76  6485.19  57822.5    312.0 11686.76  6485.19  1.00000
5240096.  4655.65 11672.16  6479.41  57822.5    312.0 11672.16  6479.41  1.00000
5249568.  4650.24 11657.49  6473.61  57822.5    312.0 11657.49  6473.61  1.00000
5259038.  4644.82 11642.75  6467.79  57822.5    312.0 11642.75  6467.79  1.00000
5268510.  4639.40 11627.95  6461.94  57822.5    312.0 11627.95  6461.94  1.00000
5277981.  4633.96 11613.09  6456.07  57822.5    312.0 11613.09  6456.07  1.00000
5287452.  4628.52 11598.16  6450.17  57822.5    312.0 11598.16  6450.17  1.00000
5296923.  4623.06 11583.17  6444.25  57822.5    312.0 11583.17  6444.25  1.00000
5306394.  4617.60 11568.11  6438.30  57822.5    312.0 11568.11  6438.30  1.00000
5315865.  4612.13 11552.98  6432.33  57822.5    312.0 11552.98  6432.33  1.00000
5325336.  4606.64 11537.79  6426.33  57822.5    312.0 11537.79  6426.33  1.00000
5334808.  4601.15 11522.53  6420.30  57822.5    312.0 11522.53  6420.30  1.00000
5344279.  4595.65 11507.20  6414.25  57822.5    312.0 11507.20  6414.25  1.00000
5353750.  4590.14 11491.80  6408.18  57822.5    312.0 11491.80  6408.18  1.00000
5363221.  4584.61 11476.33  6402.07  57822.5    312.0 11476.33  6402.07  1.00000
5372692.  4579.08 11460.79  6395.95  57822.5    312.0 11460.79  6395.95  1.00000
5382164.  4573.54 11445.18  6389.79  57822.5    312.0 11445.18  6389.79  1.00000
5391635.  4567.99 11429.50  6383.61  57822.5    312.0 11429.50  6383.61  1.00000
5401106.  4562.42 11413.75  6377.40  57822.5    312.0 11413.75  6377.40  1.00000
5410577.  4556.85 11397.93  6371.16  57822.5    312.0 11397.93  6371.16  1.00000
5420048.  4551.27 11382.04  6364.90  57822.5    312.0 11382.04  6364.90  1.00000
5429519.  4545.68 11366.07  6358.61  57822.5    312.0 11366.07  6358.61  1.00000
5438990.  4540.07 11350.03  6352.29  57822.5    312.0 11350.03  6352.29  1.00000
5448462.  4534.46 11333.91  6345.94  57822.5    312.0 11333.91  6345.94  1.00000
5457932.  4528.83 11317.72  6339.57  57822.5    312.0 11317.72  6339.57  1.00000
5467404.  4523.20 11301.46  6333.17  57822.5    312.0 11301.46  6333.17  1.00000
5476875.  4517.55 11285.12  6326.73  57822.5    312.0 11285.12  6326.73  1.00000
5486346.  4511.90 11268.70  6320.27  57822.5    312.0 11268.70  6320.27  1.00000
5495818.  4506.23 11252.21  6313.79  57822.5    312.0 11252.21  6313.79  1.00000
5505288.  4500.55 11235.64  6307.27  57822.5    312.0 11235.64  6307.27  1.00000
5514760.  4494.86 11218.99  6300.72  57822.5    312.0 11218.99  6300.72  1.00000
5524231.  4489.16 11202.26  6294.15  57822.5    312.0 11202.26  6294.15  1.00000
5533702.  4483.45 11185.46  6287.54  57822.5    312.0 11185.46  6287.54  1.00000
5543173.  4477.73 11168.57  6280.90  57822.5    312.0 11168.57  6280.90  1.00000
5552644.  4472.00 11151.61  6274.24  57822.5    312.0 11151.61  6274.24  1.00000
5562115.  4466.25 11134.56  6267.54  57822.5    312.0 11134.56  6267.54  1.00000
5571586.  4460.50 11117.44  6260.82  57822.5    312.0 11117.44  6260.82  1.00000
5581058.  4454.73 11100.23  6254.06  57822.5    312.0 11100.23  6254.06  1.00000
5590529.  4448.95 11082.94  6247.28  57822.5    312.0 11082.94  6247.28  1.00000
5600000.  4443.17 11065.57  6240.46  57822.5    312.0 11065.57  6240.46  1.00000
5600000.  4443.17 11065.56  6240.46  57822.5    312.0 11065.56  6240.46  1.00000
5606312.  4439.30 11045.94  6221.99  57822.5    312.0 11045.94  6221.99  1.00000
5612625.  4435.43 11026.31  6203.52  57822.5    312.0 11026.31  6203.52  1.00000
5618938.  4431.56 11006.68  6185.05  57822.5    312.0 11006.68  6185.05  1.00000
5625250.  4427.67 10987.05  6166.58  57822.5    312.0 10987.05  6166.58  1.00000
5631562.  4423.79 10967.42  6148.12  57822.5    312.0 10967.42  6148.12  1.00000
5637875.  4419.90 10947.78  6129.65  57822.5    312.0 10947.78  6129.65  1.00000
5644188.  4416.00 10928.14  6111.18  57822.5    312.0 10928.14  6111.18  1.00000
5650500.  4412.10 10908.50  6092.72  57822.5    312.0 10908.50  6092.72  1.00000
5656812.  4408.20 10888.85  6074.26  57822.5    312.0 10888.85  6074.26  1.00000
5663125.  4404.28 10869.21  6055.80  57822.5    312.0 10869.21  6055.80  1.00000
5669438.  4400.37 10849.56  6037.34  57822.5    312.0 10849.56  6037.34  1.00000
5675750.  4396.44 10829.91  6018.88  57822.5    312.0 10829.91  6018.88  1.00000
5682062.  4392.52 10810.25  6000.42  57822.5    312.0 10810.25  6000.42  1.00000
5688375.  4388.58 10790.60  5981.96  57822.5    312.0 10790.60  5981.96  1.00000
5694688.  4384.65 10770.94  5963.50  57822.5    312.0 10770.94  5963.50  1.00000
5701000.  4380.70 10751.28  5945.05  57822.5    312.0 10751.28  5945.05  1.00000
5701000.  3992.14 10266.24  5570.21  57822.5    143.0 10266.24  5570.21  1.00000
5706000.  3990.97 10258.49  5566.34  57822.5    143.0 10258.49  5566.34  1.00000
5711000.  3989.81 10250.75  5562.47  57822.5    143.0 10250.75  5562.47  1.00000
5716000.  3988.64 10243.00  5558.60  57822.5    143.0 10243.00  5558.60  1.00000
5721000.  3987.48 10235.26  5554.72  57822.5    143.0 10235.26  5554.72  1.00000
5726000.  3986.32 10227.52  5550.85  57822.5    143.0 10227.52  5550.85  1.00000
5731000.  3985.15 10219.77  5546.98  57822.5    143.0 10219.77  5546.98  1.00000
5736000.  3983.99 10212.03  5543.11  57822.5    143.0 10212.03  5543.11  1.00000
5741000.  3982.82 10204.29  5539.24  57822.5    143.0 10204.29  5539.24  1.00000
5746000.  3981.66 10196.54  5535.37  57822.5    143.0 10196.54  5535.37  1.00000
5751000.  3980.49 10188.80  5531.50  57822.5    143.0 10188.80  5531.50  1.00000
5756000.  3979.33 10181.05  5527.63  57822.5    143.0 10181.05  5527.63  1.00000
5761000.  3978.17 10173.31  5523.76  57822.5    143.0 10173.31  5523.76  1.00000
5766000.  3977.00 10165.57  5519.89  57822.5    143.0 10165.57  5519.89  1.00000
5771000.  3975.84 10157.82  5516.02  57822.5    143.0 10157.82  5516.02  1.00000
5771000.  3975.84 10157.83  5516.00  57822.5    143.0 10157.83  5516.00  1.00000
5777666.  3967.44 10123.70  5496.56  57822.5    143.0 10123.70  5496.56  1.00000
5784334.  3959.03 10089.57  5477.11  57822.5    143.0 10089.57  5477.11  1.00000
5791000.  3950.63 10055.44  5457.66  57822.5    143.0 10055.44  5457.66  1.00000
5797666.  3942.23 10021.31  5438.21  57822.5    143.0 10021.31  5438.21  1.00000
5804334.  3933.83  9987.18  5418.76  57822.5    143.0  9987.18  5418.76  1.00000
5811000.  3925.42  9953.05  5399.31  57822.5    143.0  9953.05  5399.31  1.00000
5817666.  3917.02  9918.92  5379.87  57822.5    143.0  9918.92  5379.87  1.00000
5824334.  3908.62  9884.79  5360.42  57822.5    143.0  9884.79  5360.42  1.00000
5831000.  3900.22  9850.66  5340.97  57822.5    143.0  9850.66  5340.97  1.00000
5837666.  3891.81  9816.53  5321.52  57822.5    143.0  9816.53  5321.52  1.00000
5844334.  3883.41  9782.40  5302.07  57822.5    143.0  9782.40  5302.07  1.00000
5851000.  3875.01  9748.27  5282.63  57822.5    143.0  9748.27  5282.63  1.00000
5857666.  3866.61  9714.14  5263.18  57822.5    143.0  9714.14  5263.18  1.00000
5864334.  3858.20  9680.01  5243.73  57822.5    143.0  9680.01  5243.73  1.00000
5871000.  3849.80  9645.88  5224.28  57822.5    143.0  9645.88  5224.28  1.00000
5877666.  3841.40  9611.75  5204.83  57822.5    143.0  9611.75  5204.83  1.00000
5884334.  3833.00  9577.62  5185.39  57822.5    143.0  9577.62  5185.39  1.00000
5891000.  3824.59  9543.49  5165.94  57822.5    143.0  9543.49  5165.94  1.00000
5897666.  3816.19  9509.35  5146.49  57822.5    143.0  9509.35  5146.49  1.00000
5904334.  3807.79  9475.22  5127.04  57822.5    143.0  9475.22  5127.04  1.00000
5911000.  3799.39  9441.09  5107.59  57822.5    143.0  9441.09  5107.59  1.00000
5917666.  3790.98  9406.96  5088.15  57822.5    143.0  9406.96  5088.15  1.00000
5924334.  3782.58  9372.83  5068.70  57822.5    143.0  9372.83  5068.70  1.00000
5931000.  3774.18  9338.70  5049.25  57822.5    143.0  9338.70  5049.25  1.00000
5937666.  3765.78  9304.57  5029.80  57822.5    143.0  9304.57  5029.80  1.00000
5944334.  3757.37  9270.44  5010.35  57822.5    143.0  9270.44  5010.35  1.00000
5951000.  3748.97  9236.31  4990.91  57822.5    143.0  9236.31  4990.91  1.00000
5957666.  3740.57  9202.18  4971.46  57822.5    143.0  9202.18  4971.46  1.00000
5964334.  3732.17  9168.05  4952.01  57822.5    143.0  9168.05  4952.01  1.00000
5971000.  3723.76  9133.92  4932.56  57822.5    143.0  9133.92  4932.56  1.00000
5971000.  3543.26  8905.24  4769.90  57822.5    143.0  8905.24  4769.90  1.00000
5977000.  3539.68  8893.70  4765.70  57822.5    143.0  8893.70  4765.70  1.00000
5983000.  3536.09  8882.15  4761.50  57822.5    143.0  8882.15  4761.50  1.00000
5989000.  3532.51  8870.61  4757.30  57822.5    143.0  8870.61  4757.30  1.00000
5995000.  3528.93  8859.07  4753.10  57822.5    143.0  8859.07  4753.10  1.00000
6001000.  3525.34  8847.52  4748.90  57822.5    143.0  8847.52  4748.90  1.00000
6007000.  3521.76  8835.98  4744.70  57822.5    143.0  8835.98  4744.70  1.00000
6013000.  3518.18  8824.44  4740.50  57822.5    143.0  8824.44  4740.50  1.00000
6019000.  3514.59  8812.89  4736.30  57822.5    143.0  8812.89  4736.30  1.00000
6025000.  3511.01  8801.35  4732.10  57822.5    143.0  8801.35  4732.10  1.00000
6031000.  3507.43  8789.81  4727.90  57822.5    143.0  8789.81  4727.90  1.00000
6037000.  3503.85  8778.26  4723.70  57822.5    143.0  8778.26  4723.70  1.00000
6043000.  3500.26  8766.72  4719.50  57822.5    143.0  8766.72  4719.50  1.00000
6049000.  3496.68  8755.18  4715.30  57822.5    143.0  8755.18  4715.30  1.00000
6055000.  3493.10  8743.64  4711.10  57822.5    143.0  8743.64  4711.10  1.00000
6061000.  3489.51  8732.09  4706.90  57822.5    143.0  8732.09  4706.90  1.00000
6067000.  3485.93  8720.55  4702.70  57822.5    143.0  8720.55  4702.70  1.00000
6073000.  3482.35  8709.01  4698.50  57822.5    143.0  8709.01  4698.50  1.00000
6079000.  3478.77  8697.46  4694.30  57822.5    143.0  8697.46  4694.30  1.00000
6085000.  3475.18  8685.92  4690.10  57822.5    143.0  8685.92  4690.10  1.00000
6091000.  3471.60  8674.38  4685.90  57822.5    143.0  8674.38  4685.90  1.00000
6097000.  3468.02  8662.83  4681.70  57822.5    143.0  8662.83  4681.70  1.00000
6103000.  3464.43  8651.29  4677.50  57822.5    143.0  8651.29  4677.50  1.00000
6109000.  3460.85  8639.75  4673.30  57822.5    143.0  8639.75  4673.30  1.00000
6115000.  3457.27  8628.20  4669.10  57822.5    143.0  8628.20  4669.10  1.00000
6121000.  3453.68  8616.66  4664.90  57822.5    143.0  8616.66  4664.90  1.00000
6127000.  3450.10  8605.12  4660.70  57822.5    143.0  8605.12  4660.70  1.00000
6133000.  3446.52  8593.58  4656.50  57822.5    143.0  8593.58  4656.50  1.00000
6139000.  3442.94  8582.03  4652.30  57822.5    143.0  8582.03  4652.30  1.00000
6145000.  3439.35  8570.49  4648.10  57822.5    143.0  8570.49  4648.10  1.00000
6151000.  3435.77  8558.95  4643.90  57822.5    143.0  8558.95  4643.90  1.00000
6151000.  3359.49  7800.49  4441.10  57822.5     80.0  8048.61  4436.28  0.97654
6157087.  3360.16  7807.39  4439.70  57822.5     80.0  8053.02  4441.74  0.97418
6163174.  3360.82  7814.28  4438.30  57822.5     80.0  8057.43  4447.20  0.97181
6169260.  3361.48  7821.18  4436.89  57822.5     80.0  8061.84  4452.67  0.96944
6175348.  3362.14  7828.07  4435.49  57822.5     80.0  8066.25  4458.13  0.96707
6181434.  3362.80  7834.97  4434.09  57822.5     80.0  8070.67  4463.59  0.96471
6187522.  3363.46  7841.87  4432.69  57822.5     80.0  8075.08  4469.06  0.96234
6193609.  3364.13  7848.76  4431.29  57822.5     80.0  8079.49  4474.52  0.95997
6199696.  3364.79  7855.66  4429.88  57822.5     80.0  8083.90  4479.98  0.95761
6205782.  3365.45  7862.56  4428.48  57822.5     80.0  8088.31  4485.44  0.95524
6211870.  3366.11  7869.45  4427.08  57822.5     80.0  8092.72  4490.91  0.95287
6217956.  3366.77  7876.35  4425.68  57822.5     80.0  8097.13  4496.37  0.95050
6224044.  3367.43  7883.24  4424.27  57822.5     80.0  8101.55  4501.83  0.94814
6230130.  3368.09  7890.14  4422.87  57822.5     80.0  8105.96  4507.29  0.94577
6236218.  3368.76  7897.04  4421.47  57822.5     80.0  8110.37  4512.76  0.94340
6242304.  3369.42  7903.93  4420.07  57822.5     80.0  8114.78  4518.22  0.94103
6248391.  3370.08  7910.83  4418.66  57822.5     80.0  8119.19  4523.68  0.93867
6254478.  3370.74  7917.73  4417.26  57822.5     80.0  8123.60  4529.15  0.93630
6260566.  3371.40  7924.62  4415.86  57822.5     80.0  8128.01  4534.61  0.93393
6266652.  3372.06  7931.52  4414.46  57822.5     80.0  8132.43  4540.07  0.93157
6272740.  3372.73  7938.41  4413.05  57822.5     80.0  8136.84  4545.53  0.92920
6278826.  3373.39  7945.31  4411.65  57822.5     80.0  8141.25  4551.00  0.92683
6284913.  3374.05  7952.21  4410.25  57822.5     80.0  8145.66  4556.46  0.92446
6291000.  3374.71  7959.10  4408.85  57822.5     80.0  8150.07  4561.92  0.92210
6291000.  3374.71  7959.10  4408.85  57822.5    600.0  8150.07  4561.92  0.92210
6294974.  3375.14  7963.60  4407.93  57822.5    600.0  8152.95  4565.49  0.92055
6298947.  3375.57  7968.11  4407.02  57822.5    600.0  8155.83  4569.05  0.91901
6302920.  3376.01  7972.61  4406.10  57822.5    600.0  8158.71  4572.62  0.91746
6306894.  3376.44  7977.11  4405.19  57822.5    600.0  8161.59  4576.19  0.91592
6310868.  3376.87  7981.61  4404.27  57822.5    600.0  8164.47  4579.75  0.91437
6314841.  3377.30  7986.11  4403.35  57822.5    600.0  8167.35  4583.32  0.91282
6318814.  3377.73  7990.61  4402.44  57822.5    600.0  8170.23  4586.88  0.91128
6322788.  3378.17  7995.12  4401.52  57822.5    600.0  8173.11  4590.45  0.90973
6326761.  3378.60  7999.62  4400.61  57822.5    600.0  8175.99  4594.02  0.90819
6330735.  3379.03  8004.12  4399.69  57822.5    600.0  8178.87  4597.58  0.90664
6334708.  3379.46  8008.62  4398.78  57822.5    600.0  8181.75  4601.15  0.90510
6338682.  3379.89  8013.12  4397.86  57822.5    600.0  8184.63  4604.71  0.90355
6342656.  3380.32  8017.62  4396.95  57822.5    600.0  8187.51  4608.28  0.90201
6346629.  3380.76  8022.13  4396.03  57822.5    600.0  8190.39  4611.85  0.90046
6346629.  2900.00  6800.00  3900.00  57822.5    600.0  6800.00  3900.00  1.00000
6347566.  2900.00  6800.00  3900.00  57822.5    600.0  6800.00  3900.00  1.00000
6348503.  2900.00  6800.00  3900.00  57822.5    600.0  6800.00  3900.00  1.00000
6349440.  2900.00  6800.00  3900.00  57822.5    600.0  6800.00  3900.00  1.00000
6350378.  2900.00  6800.00  3900.00  57822.5    600.0  6800.00  3900.00  1.00000
6351314.  2900.00  6800.00  3900.00  57822.5    600.0  6800.00  3900.00  1.00000
6352252.  2900.00  6800.00  3900.00  57822.5    600.0  6800.00  3900.00  1.00000
6353188.  2900.00  6800.00  3900.00  57822.5    600.0  6800.00  3900.00  1.00000
6354126.  2900.00  6800.00  3900.00  57822.5    600.0  6800.00  3900.00  1.00000
6355063.  2900.00  6800.00  3900.00  57822.5    600.0  6800.00  3900.00  1.00000
6356000.  2900.00  6800.00  3900.00  57822.5    600.0  6800.00  3900.00  1.00000
6356000.  2600.00  5800.00  3200.00  57822.5    600.0  5800.00  3200.00  1.00000
6357200.  2600.00  5800.00  3200.00  57822.5    600.0  5800.00  3200.00  1.00000
6358400.  2600.00  5800.00  3200.00  57822.5    600.0  5800.00  3200.00  1.00000
6359600.  2600.00  5800.00  3200.00  57822.5    600.0  5800.00  3200.00  1.00000
6360800.  2600.00  5800.00  3200.00  57822.5    600.0  5800.00  3200.00  1.00000
6362000.  2600.00  5800.00  3200.00  57822.5    600.0  5800.00  3200.00  1.00000
6363200.  2600.00  5800.00  3200.00  57822.5    600.0  5800.00  3200.00  1.00000
6364400.  2600.00  5800.00  3200.00  57822.5    600.0  5800.00  3200.00  1.00000
6365600.  2600.00  5800.00  3200.00  57822.5    600.0  5800.00  3200.00  1.00000
6366800.  2600.00  5800.00  3200.00  57822.5    600.0  5800.00  3200.00  1.00000
6368000.  2600.00  5800.00  3200.00  57822.5    600.0  5800.00  3200.00  1.00000
6368000.  1020.00  1450.00     0.00  57822.5      0.0  1450.00     0.00  1.00000
6368300.  1020.00  1450.00     0.00  57822.5      0.0  1450.00     0.00  1.00000
6368600.  1020.00  1450.00     0.00  57822.5      0.0  1450.00     0.00  1.00000
6368900.  1020.00  1450.00     0.00  57822.5      0.0  1450.00     0.00  1.00000
6369200.  1020.00  1450.00     0.00  57822.5      0.0  1450.00     0.00  1.00000
6369500.  1020.00  1450.00     0.00  57822.5      0.0  1450.00     0.00  1.00000
6369800.  1020.00  1450.00     0.00  57822.5      0.0  1450.00     0.00  1.00000
6370100.  1020.00  1450.00     0.00  57822.5      0.0  1450.00     0.00  1.00000
6370400.  1020.00  1450.00     0.00  57822.5      0.0  1450.00     0.00  1.00000
6370700.  1020.00  1450.00     0.00  57822.5      0.0  1450.00     0.00  1.00000
6371000.  1020.00  1450.00     0.00  57822.5      0.0  1450.00     0.00  1.00000
